episode|worker_id|eplen|score|ts
0|0|22|22.0|2024-05-23 23:16:12.664884
1|1|32|32.0|2024-05-23 23:16:13.501155
2|0|16|16.0|2024-05-23 23:16:14.065892
3|1|13|13.0|2024-05-23 23:16:14.767456
4|0|30|30.0|2024-05-23 23:16:16.556511
5|1|35|35.0|2024-05-23 23:16:17.647307
6|0|27|27.0|2024-05-23 23:16:18.951233
7|1|31|31.0|2024-05-23 23:16:19.984114
8|0|19|19.0|2024-05-23 23:16:20.209108
9|1|25|25.0|2024-05-23 23:16:21.977912
10|0|33|33.0|2024-05-23 23:16:22.865429
11|1|24|24.0|2024-05-23 23:16:23.917986
12|0|23|23.0|2024-05-23 23:16:24.692801
13|1|19|19.0|2024-05-23 23:16:25.306654
14|0|13|13.0|2024-05-23 23:16:25.697443
15|1|15|15.0|2024-05-23 23:16:26.534228
16|0|16|16.0|2024-05-23 23:16:27.019364
17|0|18|18.0|2024-05-23 23:16:28.531395
18|1|45|45.0|2024-05-23 23:16:30.205153
19|0|31|31.0|2024-05-23 23:16:30.836772
20|1|15|15.0|2024-05-23 23:16:31.342217
21|1|11|11.0|2024-05-23 23:16:32.109787
22|0|24|24.0|2024-05-23 23:16:32.790020
23|0|15|15.0|2024-05-23 23:16:34.003463
24|1|24|24.0|2024-05-23 23:16:34.159770
25|0|10|10.0|2024-05-23 23:16:35.039515
26|0|15|15.0|2024-05-23 23:16:36.178285
27|1|29|29.0|2024-05-23 23:16:36.629691
28|0|16|16.0|2024-05-23 23:16:37.557546
29|1|12|12.0|2024-05-23 23:16:37.745323
30|1|11|11.0|2024-05-23 23:16:38.599793
31|0|21|21.0|2024-05-23 23:16:39.245874
32|1|15|15.0|2024-05-23 23:16:39.778095
33|1|14|14.0|2024-05-23 23:16:40.878698
34|0|23|23.0|2024-05-23 23:16:41.017170
35|0|13|13.0|2024-05-23 23:16:41.989509
36|1|23|23.0|2024-05-23 23:16:42.529689
37|0|12|12.0|2024-05-23 23:16:42.839380
38|1|14|14.0|2024-05-23 23:16:43.754429
39|0|18|18.0|2024-05-23 23:16:44.559904
40|1|28|28.0|2024-05-23 23:16:46.038890
41|0|21|21.0|2024-05-23 23:16:46.130867
42|0|21|21.0|2024-05-23 23:16:47.638838
43|1|24|24.0|2024-05-23 23:16:47.855214
44|1|14|14.0|2024-05-23 23:16:48.966197
45|0|34|34.0|2024-05-23 23:16:50.355283
46|1|34|34.0|2024-05-23 23:16:51.485233
47|0|22|22.0|2024-05-23 23:16:51.907519
48|1|19|19.0|2024-05-23 23:16:53.003362
49|1|21|21.0|2024-05-23 23:16:54.701788
50|0|42|42.0|2024-05-23 23:16:55.687484
51|1|17|17.0|2024-05-23 23:16:56.322169
52|0|38|38.0|2024-05-23 23:16:58.632036
53|1|34|34.0|2024-05-23 23:16:58.993561
54|0|12|12.0|2024-05-23 23:16:59.564518
55|1|16|16.0|2024-05-23 23:17:00.285567
56|0|15|15.0|2024-05-23 23:17:00.885915
57|1|21|21.0|2024-05-23 23:17:02.005024
58|0|17|17.0|2024-05-23 23:17:02.163487
59|1|28|28.0|2024-05-23 23:17:04.435526
60|0|27|27.0|2024-05-23 23:17:04.524247
61|0|40|40.0|2024-05-23 23:17:07.759447
62|1|48|48.0|2024-05-23 23:17:08.339959
63|0|13|13.0|2024-05-23 23:17:08.792734
64|1|18|18.0|2024-05-23 23:17:09.867133
65|0|26|26.0|2024-05-23 23:17:11.096612
66|1|29|29.0|2024-05-23 23:17:12.514300
67|0|20|20.0|2024-05-23 23:17:12.950583
68|0|18|18.0|2024-05-23 23:17:14.401380
69|0|13|13.0|2024-05-23 23:17:15.535439
70|1|36|36.0|2024-05-23 23:17:15.536688
71|1|14|14.0|2024-05-23 23:17:16.536807
72|0|16|16.0|2024-05-23 23:17:16.700417
73|0|11|11.0|2024-05-23 23:17:17.476739
74|1|19|19.0|2024-05-23 23:17:17.866563
75|1|20|20.0|2024-05-23 23:17:19.620948
76|0|33|33.0|2024-05-23 23:17:20.064165
77|1|16|16.0|2024-05-23 23:17:20.738479
78|0|13|13.0|2024-05-23 23:17:21.077466
79|0|17|17.0|2024-05-23 23:17:22.299652
80|1|30|30.0|2024-05-23 23:17:23.025935
81|0|12|12.0|2024-05-23 23:17:23.280462
82|1|12|12.0|2024-05-23 23:17:23.865827
83|1|18|18.0|2024-05-23 23:17:25.350134
84|0|35|35.0|2024-05-23 23:17:25.982238
85|1|17|17.0|2024-05-23 23:17:26.688600
86|1|13|13.0|2024-05-23 23:17:27.774330
87|0|26|26.0|2024-05-23 23:17:28.063005
88|1|15|15.0|2024-05-23 23:17:28.847551
89|0|12|12.0|2024-05-23 23:17:28.910541
90|0|13|13.0|2024-05-23 23:17:29.805036
91|1|15|15.0|2024-05-23 23:17:29.884888
92|0|12|12.0|2024-05-23 23:42:31.611520
93|0|34|34.0|2024-05-23 23:42:34.316064
94|1|61|61.0|2024-05-23 23:42:35.492997
95|1|22|22.0|2024-05-23 23:42:37.134914
96|0|46|46.0|2024-05-23 23:42:37.823875
97|1|9|9.0|2024-05-23 23:42:37.900510
98|1|15|15.0|2024-05-23 23:42:39.142409
99|0|26|26.0|2024-05-23 23:42:39.859771
100|1|25|25.0|2024-05-23 23:42:41.341485
101|0|22|22.0|2024-05-23 23:42:41.868743
102|1|15|15.0|2024-05-23 23:42:42.451856
103|0|14|14.0|2024-05-23 23:42:42.911315
104|0|13|13.0|2024-05-23 23:42:44.184038
105|1|24|24.0|2024-05-23 23:42:44.564289
106|1|47|47.0|2024-05-23 23:42:48.418219
107|0|53|53.0|2024-05-23 23:42:48.491798
108|1|16|16.0|2024-05-23 23:42:49.649789
109|0|26|26.0|2024-05-23 23:42:50.550041
110|1|14|14.0|2024-05-23 23:42:50.859220
111|0|19|19.0|2024-05-23 23:42:52.215458
112|1|18|18.0|2024-05-23 23:42:52.378436
113|1|16|16.0|2024-05-23 23:42:53.688320
114|0|20|20.0|2024-05-23 23:42:53.823960
115|0|29|29.0|2024-05-23 23:42:56.040077
116|1|33|33.0|2024-05-23 23:42:56.174315
117|0|17|17.0|2024-05-23 23:42:57.456359
118|1|15|15.0|2024-05-23 23:42:57.463505
119|1|28|28.0|2024-05-23 23:42:59.701835
120|0|35|35.0|2024-05-23 23:43:00.301409
121|1|13|13.0|2024-05-23 23:43:00.761937
122|1|20|20.0|2024-05-23 23:43:02.350600
123|0|27|27.0|2024-05-23 23:43:02.421404
124|0|13|13.0|2024-05-23 23:43:03.442101
125|1|15|15.0|2024-05-23 23:43:03.841229
126|0|19|19.0|2024-05-23 23:43:05.382235
127|0|18|18.0|2024-05-23 23:43:06.761934
128|1|48|48.0|2024-05-23 23:43:07.638098
129|0|19|19.0|2024-05-23 23:43:08.160715
130|0|33|33.0|2024-05-23 23:43:10.793547
131|1|58|58.0|2024-05-23 23:43:12.173678
132|1|10|10.0|2024-05-23 23:43:12.979495
133|0|31|31.0|2024-05-23 23:43:13.288116
134|0|22|22.0|2024-05-23 23:43:15.075738
135|1|41|41.0|2024-05-23 23:43:16.410243
136|0|19|19.0|2024-05-23 23:43:16.678392
137|0|30|30.0|2024-05-23 23:43:19.131194
138|1|47|47.0|2024-05-23 23:43:20.311625
139|1|21|21.0|2024-05-23 23:43:21.858007
140|1|35|35.0|2024-05-23 23:43:24.662108
141|0|73|73.0|2024-05-23 23:43:24.871655
142|0|9|9.0|2024-05-23 23:43:25.591800
143|1|16|16.0|2024-05-23 23:43:25.931788
144|1|10|10.0|2024-05-23 23:43:26.630337
145|0|29|29.0|2024-05-23 23:43:27.700455
146|0|20|20.0|2024-05-23 23:43:29.339667
147|1|53|53.0|2024-05-23 23:43:30.854904
148|0|24|24.0|2024-05-23 23:43:31.361145
149|0|36|36.0|2024-05-23 23:43:34.128957
150|1|43|43.0|2024-05-23 23:43:34.474411
151|0|24|24.0|2024-05-23 23:43:36.283372
152|1|36|36.0|2024-05-23 23:43:37.202575
153|0|32|32.0|2024-05-23 23:43:38.632931
154|1|24|24.0|2024-05-23 23:43:38.994974
155|0|23|23.0|2024-05-23 23:43:40.362445
156|1|23|23.0|2024-05-23 23:43:40.787685
157|0|22|22.0|2024-05-23 23:43:42.111477
158|1|38|38.0|2024-05-23 23:43:43.732323
159|1|18|18.0|2024-05-23 23:43:45.121596
160|0|40|40.0|2024-05-23 23:43:45.190058
161|1|10|10.0|2024-05-23 23:43:46.012207
162|1|17|17.0|2024-05-23 23:43:47.395855
163|0|38|38.0|2024-05-23 23:43:48.551334
164|1|26|26.0|2024-05-23 23:43:49.629438
165|1|23|23.0|2024-05-23 23:55:49.705554
166|0|47|47.0|2024-05-23 23:55:50.509616
167|0|35|35.0|2024-05-23 23:55:53.322325
168|1|45|45.0|2024-05-23 23:55:53.329665
169|0|13|13.0|2024-05-23 23:55:54.382048
170|1|16|16.0|2024-05-23 23:55:54.634787
171|0|20|20.0|2024-05-23 23:55:56.137211
172|0|17|17.0|2024-05-23 23:55:57.491460
173|1|46|46.0|2024-05-23 23:55:58.464352
174|0|25|25.0|2024-05-23 23:55:59.594047
175|1|23|23.0|2024-05-23 23:56:00.583383
176|0|27|27.0|2024-05-23 23:56:01.932370
177|1|17|17.0|2024-05-23 23:56:01.933264
178|1|25|25.0|2024-05-23 23:56:04.027844
179|0|29|29.0|2024-05-23 23:56:04.341348
180|0|29|29.0|2024-05-23 23:56:06.567038
181|1|39|39.0|2024-05-23 23:56:07.037555
182|0|21|21.0|2024-05-23 23:56:08.281836
183|1|26|26.0|2024-05-23 23:56:09.083268
184|1|12|12.0|2024-05-23 23:56:10.046989
185|0|26|26.0|2024-05-23 23:56:10.285512
186|0|19|19.0|2024-05-23 23:56:11.671117
187|1|25|25.0|2024-05-23 23:56:11.908596
188|1|11|11.0|2024-05-23 23:56:12.761828
189|0|21|21.0|2024-05-23 23:56:13.291444
190|1|18|18.0|2024-05-23 23:56:13.982068
191|0|14|14.0|2024-05-23 23:56:14.252562
192|1|34|34.0|2024-05-23 23:56:16.752649
193|0|52|52.0|2024-05-23 23:56:18.234207
194|1|26|26.0|2024-05-23 23:56:18.599936
195|1|17|17.0|2024-05-23 23:56:19.805299
196|0|37|37.0|2024-05-23 23:56:20.963751
197|1|28|28.0|2024-05-23 23:56:21.994821
198|1|18|18.0|2024-05-23 23:56:23.459379
199|0|50|50.0|2024-05-23 23:56:25.028080
200|0|17|17.0|2024-05-23 23:56:26.776393
201|1|37|37.0|2024-05-23 23:56:26.846169
202|1|12|12.0|2024-05-23 23:56:27.813343
203|0|20|20.0|2024-05-23 23:56:28.312964
204|0|18|18.0|2024-05-23 23:56:29.725139
205|1|26|26.0|2024-05-23 23:56:29.826306
206|1|17|17.0|2024-05-23 23:56:31.143678
207|0|19|19.0|2024-05-23 23:56:31.213663
208|1|17|17.0|2024-05-23 23:56:32.439117
209|0|21|21.0|2024-05-23 23:56:32.810967
210|1|20|20.0|2024-05-23 23:56:33.940118
211|1|30|30.0|2024-05-23 23:56:36.406291
212|0|85|85.0|2024-05-23 23:56:39.789064
213|1|47|47.0|2024-05-23 23:56:40.315690
214|1|15|15.0|2024-05-23 23:56:41.281921
215|0|35|35.0|2024-05-23 23:56:42.273509
216|1|15|15.0|2024-05-23 23:56:42.397975
217|0|16|16.0|2024-05-23 23:56:43.291514
218|1|14|14.0|2024-05-23 23:56:43.292317
219|0|23|23.0|2024-05-23 23:56:45.234547
220|1|38|38.0|2024-05-23 23:56:46.472524
221|1|11|11.0|2024-05-23 23:56:47.443512
222|1|13|13.0|2024-05-23 23:56:48.439855
223|0|63|63.0|2024-05-23 23:56:50.469029
224|1|31|31.0|2024-05-23 23:56:51.045295
225|0|9|9.0|2024-05-23 23:56:51.423759
226|1|17|17.0|2024-05-23 23:56:52.764509
227|1|18|18.0|2024-05-23 23:56:54.265192
228|0|46|46.0|2024-05-23 23:56:55.386480
229|1|19|19.0|2024-05-23 23:56:55.814229
230|0|11|11.0|2024-05-23 23:56:56.177752
231|0|12|12.0|2024-05-23 23:56:57.210809
232|0|17|17.0|2024-05-23 23:56:58.538584
233|1|34|34.0|2024-05-23 23:56:58.539836
234|0|13|13.0|2024-05-23 23:56:59.473651
235|1|20|20.0|2024-05-23 23:57:00.019011
236|0|28|28.0|2024-05-23 23:57:01.727749
237|0|15|15.0|2024-05-23 23:57:02.809649
238|0|16|16.0|2024-05-23 23:57:04.202943
239|1|60|60.0|2024-05-23 23:57:04.968233
240|1|27|27.0|2024-05-23 23:57:07.064752
241|1|15|15.0|2024-05-23 23:57:08.197467
242|0|60|60.0|2024-05-23 23:57:08.991112
243|0|20|20.0|2024-05-24 00:10:57.587242
244|1|46|46.0|2024-05-24 00:10:58.876807
245|0|30|30.0|2024-05-24 00:11:00.104620
246|1|15|15.0|2024-05-24 00:11:00.179911
247|0|41|41.0|2024-05-24 00:11:03.544436
248|1|44|44.0|2024-05-24 00:11:03.969431
249|0|10|10.0|2024-05-24 00:11:04.458225
250|1|35|35.0|2024-05-24 00:11:07.370403
251|1|16|16.0|2024-05-24 00:11:08.642730
252|0|84|84.0|2024-05-24 00:11:12.060873
253|1|40|40.0|2024-05-24 00:11:12.145486
254|0|14|14.0|2024-05-24 00:11:13.078520
255|0|32|32.0|2024-05-24 00:11:15.395047
256|0|15|15.0|2024-05-24 00:11:16.527170
257|1|60|60.0|2024-05-24 00:11:16.528784
258|0|13|13.0|2024-05-24 00:11:17.586984
259|1|15|15.0|2024-05-24 00:11:17.760694
260|0|53|53.0|2024-05-24 00:11:22.228149
261|1|54|54.0|2024-05-24 00:11:22.428046
262|1|12|12.0|2024-05-24 00:11:23.310910
263|0|16|16.0|2024-05-24 00:11:23.384148
264|1|32|32.0|2024-05-24 00:11:25.636907
265|0|44|44.0|2024-05-24 00:11:26.589646
266|0|17|17.0|2024-05-24 00:11:28.003941
267|1|35|35.0|2024-05-24 00:11:28.519233
268|0|19|19.0|2024-05-24 00:11:29.717918
269|0|32|32.0|2024-05-24 00:11:32.255099
270|1|61|61.0|2024-05-24 00:11:33.517750
271|0|19|19.0|2024-05-24 00:11:33.868468
272|1|26|26.0|2024-05-24 00:11:35.682403
273|1|31|31.0|2024-05-24 00:11:38.474624
274|0|70|70.0|2024-05-24 00:11:39.958885
275|0|26|26.0|2024-05-24 00:11:42.382814
276|1|54|54.0|2024-05-24 00:11:43.293731
277|1|19|19.0|2024-05-24 00:11:44.844713
278|0|40|40.0|2024-05-24 00:11:45.665948
279|0|29|29.0|2024-05-24 00:11:47.994771
280|1|41|41.0|2024-05-24 00:11:48.155920
281|0|21|21.0|2024-05-24 00:11:49.710396
282|1|28|28.0|2024-05-24 00:11:50.430922
283|0|29|29.0|2024-05-24 00:11:52.069774
284|0|80|80.0|2024-05-24 00:11:58.708444
285|1|123|123.0|2024-05-24 00:12:00.705449
286|1|29|29.0|2024-05-24 00:12:03.127947
287|1|15|15.0|2024-05-24 00:12:04.424510
288|1|22|22.0|2024-05-24 00:12:06.293702
289|0|91|91.0|2024-05-24 00:12:06.433209
290|0|37|37.0|2024-05-24 00:12:09.556589
291|1|57|57.0|2024-05-24 00:12:10.986218
292|0|28|28.0|2024-05-24 00:12:11.754438
293|0|30|30.0|2024-05-24 00:12:14.238923
294|1|50|50.0|2024-05-24 00:12:15.204643
295|0|29|29.0|2024-05-24 00:12:16.977442
296|1|30|30.0|2024-05-24 00:12:17.895476
297|1|26|26.0|2024-05-24 00:26:41.865895
298|0|44|44.0|2024-05-24 00:26:42.399369
299|0|30|30.0|2024-05-24 00:26:44.912328
300|1|41|41.0|2024-05-24 00:26:45.599491
301|0|18|18.0|2024-05-24 00:26:46.670316
302|1|20|20.0|2024-05-24 00:26:47.179979
303|0|21|21.0|2024-05-24 00:26:48.443744
304|1|26|26.0|2024-05-24 00:26:49.337852
305|0|27|27.0|2024-05-24 00:26:50.577583
306|0|19|19.0|2024-05-24 00:26:52.196216
307|1|36|36.0|2024-05-24 00:26:52.278094
308|1|22|22.0|2024-05-24 00:26:54.166001
309|1|17|17.0|2024-05-24 00:26:55.626165
310|0|66|66.0|2024-05-24 00:26:57.771679
311|0|31|31.0|2024-05-24 00:27:00.602003
312|1|73|73.0|2024-05-24 00:27:01.996155
313|1|30|30.0|2024-05-24 00:27:04.454709
314|0|69|69.0|2024-05-24 00:27:06.339820
315|1|33|33.0|2024-05-24 00:27:07.024106
316|0|80|80.0|2024-05-24 00:27:12.887704
317|1|75|75.0|2024-05-24 00:27:13.216403
318|0|36|36.0|2024-05-24 00:27:15.439234
319|0|25|25.0|2024-05-24 00:27:17.483084
320|1|79|79.0|2024-05-24 00:27:19.563492
321|0|31|31.0|2024-05-24 00:27:20.180714
322|1|20|20.0|2024-05-24 00:27:21.141445
323|0|37|37.0|2024-05-24 00:27:23.200930
324|1|69|69.0|2024-05-24 00:27:26.791534
325|0|61|61.0|2024-05-24 00:27:28.716099
326|0|27|27.0|2024-05-24 00:27:31.003896
327|1|50|50.0|2024-05-24 00:27:31.528190
328|0|15|15.0|2024-05-24 00:27:32.457250
329|1|21|21.0|2024-05-24 00:27:33.465944
330|0|38|38.0|2024-05-24 00:27:35.496458
331|1|26|26.0|2024-05-24 00:27:35.498260
332|0|12|12.0|2024-05-24 00:27:36.486057
333|1|17|17.0|2024-05-24 00:27:36.833749
334|1|28|28.0|2024-05-24 00:27:39.103949
335|0|39|39.0|2024-05-24 00:27:39.644078
336|1|41|41.0|2024-05-24 00:27:42.666676
337|0|59|59.0|2024-05-24 00:27:44.955818
338|1|28|28.0|2024-05-24 00:27:45.254208
339|1|38|38.0|2024-05-24 00:27:48.219999
340|1|15|15.0|2024-05-24 00:27:49.562626
341|0|60|60.0|2024-05-24 00:27:49.810793
342|1|61|61.0|2024-05-24 00:27:54.601751
343|0|71|71.0|2024-05-24 00:27:55.613189
344|1|29|29.0|2024-05-24 00:27:56.985920
345|0|40|40.0|2024-05-24 00:27:58.997252
346|1|40|40.0|2024-05-24 00:28:00.286946
347|0|33|33.0|2024-05-24 00:28:01.683555
348|1|29|29.0|2024-05-24 00:28:02.646823
349|0|14|14.0|2024-05-24 00:28:02.819800
350|0|25|25.0|2024-05-24 00:42:25.856368
351|1|34|34.0|2024-05-24 00:42:26.493064
352|1|34|34.0|2024-05-24 00:42:29.579581
353|0|47|47.0|2024-05-24 00:42:30.108540
354|0|22|22.0|2024-05-24 00:42:32.101574
355|1|42|42.0|2024-05-24 00:42:33.311870
356|0|33|33.0|2024-05-24 00:42:34.991492
357|1|44|44.0|2024-05-24 00:42:36.914106
358|0|64|64.0|2024-05-24 00:42:40.234662
359|1|41|41.0|2024-05-24 00:42:40.394934
360|1|26|26.0|2024-05-24 00:42:42.494837
361|0|49|49.0|2024-05-24 00:42:44.128953
362|0|20|20.0|2024-05-24 00:42:45.790083
363|0|10|10.0|2024-05-24 00:42:46.530280
364|1|57|57.0|2024-05-24 00:42:47.130449
365|0|47|47.0|2024-05-24 00:42:50.567298
366|1|48|48.0|2024-05-24 00:42:51.172599
367|1|27|27.0|2024-05-24 00:42:53.326505
368|1|24|24.0|2024-05-24 00:42:55.084041
369|0|79|79.0|2024-05-24 00:42:56.702863
370|1|33|33.0|2024-05-24 00:42:57.549726
371|0|51|51.0|2024-05-24 00:43:00.517395
372|1|46|46.0|2024-05-24 00:43:00.992800
373|1|35|35.0|2024-05-24 00:43:03.625547
374|0|77|77.0|2024-05-24 00:43:06.550716
375|0|14|14.0|2024-05-24 00:43:08.046527
376|1|56|56.0|2024-05-24 00:43:08.563112
377|0|39|39.0|2024-05-24 00:43:10.923800
378|0|59|59.0|2024-05-24 00:43:15.385965
379|1|92|92.0|2024-05-24 00:43:15.457097
380|1|12|12.0|2024-05-24 00:43:16.364194
381|1|22|22.0|2024-05-24 00:43:18.062595
382|0|50|50.0|2024-05-24 00:43:19.053905
383|1|39|39.0|2024-05-24 00:43:20.941345
384|1|30|30.0|2024-05-24 00:43:23.235191
385|0|75|75.0|2024-05-24 00:43:24.776201
386|1|35|35.0|2024-05-24 00:43:26.078737
387|0|18|18.0|2024-05-24 00:43:26.408585
388|1|36|36.0|2024-05-24 00:43:28.973290
389|0|52|52.0|2024-05-24 00:43:30.625727
390|1|24|24.0|2024-05-24 00:43:30.934219
391|1|24|24.0|2024-05-24 00:43:33.177605
392|1|46|46.0|2024-05-24 00:43:37.323617
393|1|11|11.0|2024-05-24 00:43:38.202214
394|0|123|123.0|2024-05-24 00:43:41.310737
395|1|39|39.0|2024-05-24 00:43:41.383016
396|1|31|31.0|2024-05-24 00:43:43.845245
397|0|36|36.0|2024-05-24 00:43:44.261929
398|1|40|40.0|2024-05-24 00:58:18.296446
399|0|43|43.0|2024-05-24 00:58:18.799501
400|1|22|22.0|2024-05-24 00:58:21.316192
401|0|26|26.0|2024-05-24 00:58:22.244378
402|1|18|18.0|2024-05-24 00:58:22.839652
403|0|18|18.0|2024-05-24 00:58:23.894836
404|1|30|30.0|2024-05-24 00:58:25.593387
405|0|44|44.0|2024-05-24 00:58:27.691618
406|1|34|34.0|2024-05-24 00:58:28.449432
407|0|60|60.0|2024-05-24 00:58:32.820171
408|1|61|61.0|2024-05-24 00:58:33.648561
409|0|13|13.0|2024-05-24 00:58:33.860316
410|0|18|18.0|2024-05-24 00:58:35.497919
411|1|47|47.0|2024-05-24 00:58:37.891051
412|0|66|66.0|2024-05-24 00:58:41.179632
413|1|50|50.0|2024-05-24 00:58:41.977830
414|0|27|27.0|2024-05-24 00:58:43.146486
415|1|18|18.0|2024-05-24 00:58:43.216525
416|1|23|23.0|2024-05-24 00:58:45.038844
417|0|39|39.0|2024-05-24 00:58:46.288243
418|1|37|37.0|2024-05-24 00:58:47.836574
419|0|44|44.0|2024-05-24 00:58:49.653604
420|1|23|23.0|2024-05-24 00:58:49.713568
421|0|21|21.0|2024-05-24 00:58:51.193646
422|0|53|53.0|2024-05-24 00:58:55.488249
423|1|95|95.0|2024-05-24 00:58:57.252394
424|0|46|46.0|2024-05-24 00:58:59.048036
425|1|48|48.0|2024-05-24 00:59:01.167022
426|0|56|56.0|2024-05-24 00:59:03.706326
427|1|43|43.0|2024-05-24 00:59:04.572807
428|1|18|18.0|2024-05-24 00:59:06.062842
429|0|40|40.0|2024-05-24 00:59:06.920219
430|1|59|59.0|2024-05-24 00:59:10.896737
431|0|57|57.0|2024-05-24 00:59:11.738954
432|1|52|52.0|2024-05-24 00:59:15.306054
433|0|46|46.0|2024-05-24 00:59:15.607876
434|0|39|39.0|2024-05-24 00:59:18.673924
435|1|46|46.0|2024-05-24 00:59:18.981900
436|1|39|39.0|2024-05-24 00:59:22.377829
437|0|52|52.0|2024-05-24 00:59:23.091570
438|0|21|21.0|2024-05-24 00:59:24.923633
439|1|75|75.0|2024-05-24 00:59:29.010887
440|0|48|48.0|2024-05-24 00:59:29.227298
441|0|36|36.0|2024-05-24 00:59:32.307558
442|0|25|25.0|2024-05-24 00:59:34.229935
443|0|17|17.0|2024-05-24 00:59:35.654909
444|0|27|27.0|2024-05-24 00:59:38.344296
445|1|124|124.0|2024-05-24 00:59:39.744141
446|0|52|52.0|2024-05-24 01:14:29.642220
447|1|52|52.0|2024-05-24 01:14:31.093267
448|0|29|29.0|2024-05-24 01:14:32.109481
449|0|35|35.0|2024-05-24 01:14:34.673012
450|1|74|74.0|2024-05-24 01:14:36.897991
451|0|64|64.0|2024-05-24 01:14:39.793916
452|1|61|61.0|2024-05-24 01:14:41.587735
453|0|38|38.0|2024-05-24 01:14:42.697283
454|1|32|32.0|2024-05-24 01:14:43.949459
455|0|41|41.0|2024-05-24 01:14:45.726211
456|1|37|37.0|2024-05-24 01:14:46.708340
457|0|20|20.0|2024-05-24 01:14:47.233113
458|1|59|59.0|2024-05-24 01:14:51.492766
459|0|57|57.0|2024-05-24 01:14:51.923094
460|1|50|50.0|2024-05-24 01:14:55.414874
461|0|47|47.0|2024-05-24 01:14:55.577932
462|0|22|22.0|2024-05-24 01:14:57.479428
463|0|45|45.0|2024-05-24 01:15:00.692785
464|0|15|15.0|2024-05-24 01:15:01.774028
465|0|38|38.0|2024-05-24 01:15:04.657682
466|1|141|141.0|2024-05-24 01:15:06.217019
467|0|37|37.0|2024-05-24 01:15:07.641653
468|1|22|22.0|2024-05-24 01:15:08.033894
469|0|35|35.0|2024-05-24 01:15:10.510107
470|0|34|34.0|2024-05-24 01:15:13.336580
471|1|73|73.0|2024-05-24 01:15:13.958082
472|0|31|31.0|2024-05-24 01:15:16.007810
473|0|29|29.0|2024-05-24 01:15:18.394500
474|1|53|53.0|2024-05-24 01:15:18.459082
475|1|37|37.0|2024-05-24 01:15:21.574701
476|0|47|47.0|2024-05-24 01:15:22.405057
477|1|30|30.0|2024-05-24 01:15:23.996035
478|0|33|33.0|2024-05-24 01:15:25.104366
479|1|14|14.0|2024-05-24 01:15:25.323449
480|0|29|29.0|2024-05-24 01:15:27.685066
481|1|59|59.0|2024-05-24 01:15:30.258303
482|0|56|56.0|2024-05-24 01:15:32.185432
483|1|53|53.0|2024-05-24 01:15:34.745354
484|0|40|40.0|2024-05-24 01:15:35.651417
485|1|41|41.0|2024-05-24 01:15:38.156520
486|0|46|46.0|2024-05-24 01:15:39.647500
487|1|59|59.0|2024-05-24 01:15:42.921705
488|0|49|49.0|2024-05-24 01:15:43.327805
489|1|30|30.0|2024-05-24 01:15:45.257005
490|1|40|40.0|2024-05-24 01:30:13.575760
491|0|81|81.0|2024-05-24 01:30:14.927310
492|0|28|28.0|2024-05-24 01:30:17.030654
493|1|47|47.0|2024-05-24 01:30:17.197090
494|0|39|39.0|2024-05-24 01:30:19.948434
495|1|45|45.0|2024-05-24 01:30:20.515522
496|0|54|54.0|2024-05-24 01:30:24.188492
497|1|67|67.0|2024-05-24 01:30:25.848112
498|1|21|21.0|2024-05-24 01:30:27.647965
499|0|49|49.0|2024-05-24 01:30:28.237272
500|0|40|40.0|2024-05-24 01:30:32.080032
501|0|11|11.0|2024-05-24 01:30:32.836514
502|1|72|72.0|2024-05-24 01:30:34.137798
503|0|47|47.0|2024-05-24 01:30:36.886280
504|1|39|39.0|2024-05-24 01:30:37.342452
505|1|30|30.0|2024-05-24 01:30:39.915289
506|0|45|45.0|2024-05-24 01:30:40.593909
507|0|18|18.0|2024-05-24 01:30:42.038689
508|1|30|30.0|2024-05-24 01:30:42.264769
509|1|50|50.0|2024-05-24 01:30:46.410669
510|0|61|61.0|2024-05-24 01:30:47.196043
511|1|47|47.0|2024-05-24 01:30:50.637848
512|0|44|44.0|2024-05-24 01:30:51.071726
513|1|38|38.0|2024-05-24 01:30:54.034329
514|0|36|36.0|2024-05-24 01:30:54.265134
515|0|16|16.0|2024-05-24 01:30:55.495531
516|1|29|29.0|2024-05-24 01:30:56.365730
517|1|34|34.0|2024-05-24 01:30:58.938100
518|0|49|49.0|2024-05-24 01:30:59.416118
519|1|38|38.0|2024-05-24 01:31:01.826577
520|1|26|26.0|2024-05-24 01:31:03.797484
521|0|63|63.0|2024-05-24 01:31:04.109818
522|0|42|42.0|2024-05-24 01:31:07.605802
523|1|50|50.0|2024-05-24 01:31:07.946067
524|0|42|42.0|2024-05-24 01:31:11.236979
525|1|53|53.0|2024-05-24 01:31:12.948735
526|0|23|23.0|2024-05-24 01:31:13.694747
527|1|13|13.0|2024-05-24 01:31:14.107553
528|1|29|29.0|2024-05-24 01:31:16.439844
529|0|60|60.0|2024-05-24 01:31:18.518742
530|1|51|51.0|2024-05-24 01:31:20.599374
531|0|39|39.0|2024-05-24 01:31:21.574020
532|1|22|22.0|2024-05-24 01:31:22.186235
533|0|39|39.0|2024-05-24 01:31:24.610385
534|1|38|38.0|2024-05-24 01:31:25.106175
535|0|16|16.0|2024-05-24 01:31:25.808437
536|1|29|29.0|2024-05-24 01:31:27.571272
537|0|29|29.0|2024-05-24 01:31:28.355057
538|0|31|31.0|2024-05-24 01:31:30.985493
539|1|44|44.0|2024-05-24 01:31:31.296611
540|1|34|34.0|2024-05-24 01:31:34.312618
541|0|61|61.0|2024-05-24 01:46:45.648011
542|1|39|39.0|2024-05-24 01:46:46.944788
543|0|29|29.0|2024-05-24 01:46:47.927442
544|1|69|69.0|2024-05-24 01:46:52.488370
545|0|103|103.0|2024-05-24 01:46:56.088248
546|1|57|57.0|2024-05-24 01:46:56.966537
547|0|48|48.0|2024-05-24 01:47:00.465981
548|1|46|46.0|2024-05-24 01:47:01.159982
549|0|48|48.0|2024-05-24 01:47:04.626967
550|1|60|60.0|2024-05-24 01:47:06.617505
551|0|59|59.0|2024-05-24 01:47:09.510979
552|1|49|49.0|2024-05-24 01:47:10.173805
553|0|46|46.0|2024-05-24 01:47:12.901545
554|1|52|52.0|2024-05-24 01:47:14.244403
555|1|35|35.0|2024-05-24 01:47:16.706936
556|0|54|54.0|2024-05-24 01:47:16.903975
557|0|39|39.0|2024-05-24 01:47:19.924519
558|1|81|81.0|2024-05-24 01:47:22.907472
559|0|54|54.0|2024-05-24 01:47:24.046400
560|1|30|30.0|2024-05-24 01:47:25.152261
561|1|43|43.0|2024-05-24 01:47:28.379889
562|0|62|62.0|2024-05-24 01:47:28.750848
563|1|48|48.0|2024-05-24 01:47:32.054411
564|1|36|36.0|2024-05-24 01:47:34.871790
565|1|17|17.0|2024-05-24 01:47:36.175438
566|0|104|104.0|2024-05-24 01:47:36.662892
567|0|34|34.0|2024-05-24 01:47:39.098047
568|1|58|58.0|2024-05-24 01:47:40.307694
569|0|84|84.0|2024-05-24 01:47:45.440851
570|1|81|81.0|2024-05-24 01:47:46.581217
571|0|43|43.0|2024-05-24 01:47:48.881831
572|0|21|21.0|2024-05-24 01:47:50.447989
573|1|50|50.0|2024-05-24 01:47:50.448951
574|0|56|56.0|2024-05-24 01:47:55.037589
575|0|48|48.0|2024-05-24 01:47:59.274053
576|1|116|116.0|2024-05-24 01:48:00.226826
577|1|49|49.0|2024-05-24 02:02:31.779441
578|0|66|66.0|2024-05-24 02:02:32.248980
579|0|66|66.0|2024-05-24 02:02:37.440156
580|1|152|152.0|2024-05-24 02:02:44.171464
581|0|91|91.0|2024-05-24 02:02:44.993988
582|0|38|38.0|2024-05-24 02:02:48.243827
583|1|52|52.0|2024-05-24 02:02:48.648212
584|0|48|48.0|2024-05-24 02:02:52.511347
585|1|56|56.0|2024-05-24 02:02:53.416376
586|1|39|39.0|2024-05-24 02:02:56.554277
587|0|55|55.0|2024-05-24 02:02:56.896597
588|0|33|33.0|2024-05-24 02:02:59.573657
589|1|53|53.0|2024-05-24 02:03:00.729609
590|1|55|55.0|2024-05-24 02:03:04.852431
591|0|95|95.0|2024-05-24 02:03:07.047275
592|1|39|39.0|2024-05-24 02:03:08.488358
593|0|20|20.0|2024-05-24 02:03:08.924531
594|0|55|55.0|2024-05-24 02:03:13.506990
595|1|98|98.0|2024-05-24 02:03:16.970836
596|0|41|41.0|2024-05-24 02:03:17.206333
597|0|34|34.0|2024-05-24 02:03:20.130783
598|1|58|58.0|2024-05-24 02:03:21.632484
599|1|25|25.0|2024-05-24 02:03:23.653789
600|0|66|66.0|2024-05-24 02:03:26.053551
601|1|63|63.0|2024-05-24 02:03:29.657511
602|0|90|90.0|2024-05-24 02:03:33.229200
603|1|50|50.0|2024-05-24 02:03:33.452879
604|1|18|18.0|2024-05-24 02:03:34.988620
605|0|22|22.0|2024-05-24 02:03:35.089331
606|1|33|33.0|2024-05-24 02:03:37.196386
607|0|42|42.0|2024-05-24 02:03:37.876329
608|0|25|25.0|2024-05-24 02:03:39.758389
609|1|69|69.0|2024-05-24 02:03:42.370236
610|0|81|81.0|2024-05-24 02:03:46.360070
611|0|53|53.0|2024-05-24 02:03:50.841983
612|1|136|136.0|2024-05-24 02:18:41.956755
613|0|49|49.0|2024-05-24 02:18:43.018909
614|1|41|41.0|2024-05-24 02:18:45.093582
615|0|41|41.0|2024-05-24 02:18:46.102173
616|0|28|28.0|2024-05-24 02:18:48.261005
617|0|39|39.0|2024-05-24 02:18:51.428467
618|1|95|95.0|2024-05-24 02:18:52.623503
619|0|46|46.0|2024-05-24 02:18:55.219262
620|1|42|42.0|2024-05-24 02:18:56.080165
621|1|27|27.0|2024-05-24 02:18:58.005084
622|0|85|85.0|2024-05-24 02:19:01.414615
623|1|47|47.0|2024-05-24 02:19:01.421942
624|1|23|23.0|2024-05-24 02:19:03.152820
625|0|62|62.0|2024-05-24 02:19:06.517728
626|1|39|39.0|2024-05-24 02:19:06.524735
627|0|32|32.0|2024-05-24 02:19:09.199765
628|1|48|48.0|2024-05-24 02:19:10.594507
629|1|35|35.0|2024-05-24 02:19:13.341250
630|0|94|94.0|2024-05-24 02:19:16.796681
631|1|51|51.0|2024-05-24 02:19:17.393516
632|0|41|41.0|2024-05-24 02:19:20.213321
633|1|41|41.0|2024-05-24 02:19:20.901147
634|1|68|68.0|2024-05-24 02:19:25.953396
635|0|79|79.0|2024-05-24 02:19:26.158975
636|1|26|26.0|2024-05-24 02:19:27.990469
637|0|26|26.0|2024-05-24 02:19:28.170956
638|1|22|22.0|2024-05-24 02:19:29.759685
639|0|38|38.0|2024-05-24 02:19:31.384329
640|1|43|43.0|2024-05-24 02:19:33.186328
641|0|44|44.0|2024-05-24 02:19:34.712630
642|1|42|42.0|2024-05-24 02:19:36.368802
643|0|29|29.0|2024-05-24 02:19:36.923317
644|1|59|59.0|2024-05-24 02:19:40.814518
645|0|65|65.0|2024-05-24 02:19:41.772775
646|0|17|17.0|2024-05-24 02:19:43.051890
647|1|38|38.0|2024-05-24 02:19:43.660981
648|1|71|71.0|2024-05-24 02:19:49.255027
649|0|102|102.0|2024-05-24 02:19:51.360624
650|1|43|43.0|2024-05-24 02:19:53.429382
651|1|22|22.0|2024-05-24 02:19:55.192326
652|0|47|47.0|2024-05-24 02:19:55.537613
653|1|26|26.0|2024-05-24 02:19:57.225536
654|1|35|35.0|2024-05-24 02:34:40.718723
655|1|25|25.0|2024-05-24 02:34:42.486817
656|0|102|102.0|2024-05-24 02:34:44.249208
657|0|28|28.0|2024-05-24 02:34:46.527011
658|1|59|59.0|2024-05-24 02:34:47.354912
659|1|51|51.0|2024-05-24 02:34:51.802160
660|1|29|29.0|2024-05-24 02:34:54.433590
661|0|92|92.0|2024-05-24 02:34:54.620739
662|1|39|39.0|2024-05-24 02:34:57.548740
663|0|40|40.0|2024-05-24 02:34:57.750011
664|0|35|35.0|2024-05-24 02:35:00.704870
665|0|40|40.0|2024-05-24 02:35:04.032502
666|1|85|85.0|2024-05-24 02:35:04.531966
667|0|43|43.0|2024-05-24 02:35:07.637797
668|1|52|52.0|2024-05-24 02:35:08.983406
669|1|25|25.0|2024-05-24 02:35:11.006029
670|1|24|24.0|2024-05-24 02:35:12.727619
671|0|73|73.0|2024-05-24 02:35:13.312546
672|1|30|30.0|2024-05-24 02:35:15.256785
673|0|50|50.0|2024-05-24 02:35:17.758417
674|1|35|35.0|2024-05-24 02:35:18.320128
675|0|51|51.0|2024-05-24 02:35:22.671249
676|0|31|31.0|2024-05-24 02:35:25.323576
677|1|80|80.0|2024-05-24 02:35:25.827085
678|0|29|29.0|2024-05-24 02:35:27.936068
679|1|27|27.0|2024-05-24 02:35:28.198362
680|1|30|30.0|2024-05-24 02:35:30.361145
681|0|44|44.0|2024-05-24 02:35:31.121647
682|1|22|22.0|2024-05-24 02:35:32.068747
683|1|36|36.0|2024-05-24 02:35:35.209816
684|0|59|59.0|2024-05-24 02:35:36.261902
685|0|51|51.0|2024-05-24 02:35:40.821488
686|1|80|80.0|2024-05-24 02:35:42.253552
687|0|34|34.0|2024-05-24 02:35:43.617675
688|1|38|38.0|2024-05-24 02:35:45.340789
689|0|47|47.0|2024-05-24 02:35:47.436780
690|1|46|46.0|2024-05-24 02:35:48.992910
691|0|25|25.0|2024-05-24 02:35:49.387740
692|0|38|38.0|2024-05-24 02:35:52.266884
693|1|53|53.0|2024-05-24 02:35:53.046776
694|0|43|43.0|2024-05-24 02:35:55.858788
695|1|38|38.0|2024-05-24 02:35:56.229233
696|1|42|42.0|2024-05-24 02:36:00.010445
697|0|65|65.0|2024-05-24 02:36:01.780353
698|1|27|27.0|2024-05-24 02:50:25.474728
699|1|23|23.0|2024-05-24 02:50:27.459258
700|0|44|44.0|2024-05-24 02:50:28.855188
701|1|36|36.0|2024-05-24 02:50:30.964043
702|0|54|54.0|2024-05-24 02:50:33.352515
703|1|41|41.0|2024-05-24 02:50:34.311646
704|1|24|24.0|2024-05-24 02:50:36.392268
705|0|84|84.0|2024-05-24 02:50:40.447075
706|1|50|50.0|2024-05-24 02:50:40.537343
707|1|18|18.0|2024-05-24 02:50:42.377022
708|0|22|22.0|2024-05-24 02:50:42.686688
709|0|31|31.0|2024-05-24 02:50:45.461880
710|1|50|50.0|2024-05-24 02:50:46.798493
711|1|17|17.0|2024-05-24 02:50:48.266914
712|0|59|59.0|2024-05-24 02:50:50.713206
713|1|37|37.0|2024-05-24 02:50:51.873791
714|0|32|32.0|2024-05-24 02:50:53.558604
715|1|38|38.0|2024-05-24 02:50:55.120491
716|1|14|14.0|2024-05-24 02:50:56.509312
717|0|36|36.0|2024-05-24 02:50:56.892617
718|0|34|34.0|2024-05-24 02:51:00.242379
719|1|53|53.0|2024-05-24 02:51:01.406905
720|0|40|40.0|2024-05-24 02:51:03.820711
721|1|28|28.0|2024-05-24 02:51:03.983783
722|1|52|52.0|2024-05-24 02:51:08.755504
723|0|65|65.0|2024-05-24 02:51:09.662340
724|1|33|33.0|2024-05-24 02:51:11.604741
725|0|36|36.0|2024-05-24 02:51:13.401546
726|0|35|35.0|2024-05-24 02:51:16.326323
727|1|76|76.0|2024-05-24 02:51:18.710946
728|1|20|20.0|2024-05-24 02:51:20.402299
729|0|50|50.0|2024-05-24 02:51:20.602191
730|1|26|26.0|2024-05-24 02:51:22.443952
731|0|52|52.0|2024-05-24 02:51:25.021736
732|1|35|35.0|2024-05-24 02:51:25.538653
733|1|35|35.0|2024-05-24 02:51:28.560013
734|0|60|60.0|2024-05-24 02:51:30.036245
735|1|29|29.0|2024-05-24 02:51:30.913646
736|1|40|40.0|2024-05-24 02:51:34.334201
737|1|30|30.0|2024-05-24 02:51:36.562388
738|1|17|17.0|2024-05-24 02:51:37.965256
739|0|110|110.0|2024-05-24 02:51:38.973153
740|1|21|21.0|2024-05-24 02:51:39.730179
741|0|41|41.0|2024-05-24 02:51:42.282250
742|1|47|47.0|2024-05-24 02:51:43.315133
743|0|36|36.0|2024-05-24 02:51:45.142528
744|1|46|46.0|2024-05-24 02:51:47.258200
745|0|26|26.0|2024-05-24 02:51:47.415523
746|0|37|37.0|2024-05-24 02:51:51.001830
747|1|42|42.0|2024-05-24 02:51:51.264609
748|1|40|40.0|2024-05-24 03:06:08.322733
749|0|54|54.0|2024-05-24 03:06:09.046244
750|1|52|52.0|2024-05-24 03:06:13.085367
751|0|44|44.0|2024-05-24 03:06:13.284042
752|0|49|49.0|2024-05-24 03:06:17.329012
753|1|83|83.0|2024-05-24 03:06:20.080434
754|0|49|49.0|2024-05-24 03:06:21.737900
755|1|62|62.0|2024-05-24 03:06:25.155416
756|1|28|28.0|2024-05-24 03:06:27.413271
757|0|80|80.0|2024-05-24 03:06:27.962372
758|1|60|60.0|2024-05-24 03:06:31.917038
759|0|70|70.0|2024-05-24 03:06:33.107954
760|1|50|50.0|2024-05-24 03:06:35.250310
761|0|75|75.0|2024-05-24 03:06:38.765163
762|1|64|64.0|2024-05-24 03:06:40.478387
763|0|73|73.0|2024-05-24 03:06:44.663441
764|1|101|101.0|2024-05-24 03:06:48.938245
765|0|55|55.0|2024-05-24 03:06:49.423943
766|1|46|46.0|2024-05-24 03:06:53.132960
767|0|60|60.0|2024-05-24 03:06:54.875083
768|0|40|40.0|2024-05-24 03:06:58.462337
769|0|37|37.0|2024-05-24 03:07:01.263965
770|1|131|131.0|2024-05-24 03:07:03.836099
771|0|72|72.0|2024-05-24 03:07:06.851646
772|1|56|56.0|2024-05-24 03:07:08.229857
773|0|62|62.0|2024-05-24 03:07:11.626551
774|1|66|66.0|2024-05-24 03:07:13.303690
775|0|53|53.0|2024-05-24 03:07:16.752958
776|1|40|40.0|2024-05-24 03:07:17.481587
777|0|67|67.0|2024-05-24 03:07:22.165960
778|1|84|84.0|2024-05-24 03:07:24.078259
779|0|38|38.0|2024-05-24 03:07:25.190218
780|1|30|30.0|2024-05-24 03:07:26.750327
781|0|24|24.0|2024-05-24 03:07:27.178333
782|1|56|56.0|2024-05-24 03:21:56.289220
783|0|88|88.0|2024-05-24 03:21:59.813199
784|1|45|45.0|2024-05-24 03:22:00.572539
785|0|58|58.0|2024-05-24 03:22:04.710202
786|1|65|65.0|2024-05-24 03:22:05.887297
787|0|43|43.0|2024-05-24 03:22:08.231401
788|1|74|74.0|2024-05-24 03:22:11.756817
789|0|72|72.0|2024-05-24 03:22:13.803363
790|0|40|40.0|2024-05-24 03:22:16.947598
791|1|75|75.0|2024-05-24 03:22:17.585776
792|0|60|60.0|2024-05-24 03:22:22.150327
793|0|52|52.0|2024-05-24 03:22:26.081379
794|1|105|105.0|2024-05-24 03:22:26.154211
795|1|63|63.0|2024-05-24 03:22:31.036272
796|0|90|90.0|2024-05-24 03:22:33.140551
797|0|42|42.0|2024-05-24 03:22:36.668095
798|1|72|72.0|2024-05-24 03:22:36.954955
799|1|43|43.0|2024-05-24 03:22:40.368496
800|0|63|63.0|2024-05-24 03:22:42.165504
801|1|55|55.0|2024-05-24 03:22:45.649040
802|0|55|55.0|2024-05-24 03:22:46.901576
803|1|32|32.0|2024-05-24 03:22:48.351187
804|0|102|102.0|2024-05-24 03:22:55.613410
805|1|94|94.0|2024-05-24 03:22:56.327510
806|0|62|62.0|2024-05-24 03:23:01.136401
807|1|58|58.0|2024-05-24 03:23:01.507623
808|0|58|58.0|2024-05-24 03:23:06.474089
809|1|67|67.0|2024-05-24 03:23:07.661959
810|0|54|54.0|2024-05-24 03:23:11.205294
811|1|87|87.0|2024-05-24 03:23:15.364523
812|0|77|77.0|2024-05-24 03:38:06.443061
813|0|31|31.0|2024-05-24 03:38:08.990272
814|1|67|67.0|2024-05-24 03:38:09.522543
815|0|53|53.0|2024-05-24 03:38:13.716750
816|1|52|52.0|2024-05-24 03:38:14.098294
817|1|58|58.0|2024-05-24 03:38:18.775853
818|0|84|84.0|2024-05-24 03:38:20.722854
819|1|57|57.0|2024-05-24 03:38:23.407154
820|0|53|53.0|2024-05-24 03:38:25.210610
821|0|42|42.0|2024-05-24 03:38:28.875824
822|1|85|85.0|2024-05-24 03:38:31.187350
823|0|47|47.0|2024-05-24 03:38:33.017363
824|1|50|50.0|2024-05-24 03:38:35.386884
825|0|48|48.0|2024-05-24 03:38:37.367798
826|0|45|45.0|2024-05-24 03:38:41.143238
827|1|72|72.0|2024-05-24 03:38:41.761859
828|1|29|29.0|2024-05-24 03:38:44.141251
829|0|81|81.0|2024-05-24 03:38:47.605460
830|1|54|54.0|2024-05-24 03:38:48.260335
831|0|51|51.0|2024-05-24 03:38:51.790354
832|1|63|63.0|2024-05-24 03:38:53.542392
833|0|36|36.0|2024-05-24 03:38:54.862085
834|1|82|82.0|2024-05-24 03:38:59.969203
835|1|54|54.0|2024-05-24 03:39:04.362683
836|0|125|125.0|2024-05-24 03:39:04.743166
837|0|41|41.0|2024-05-24 03:39:08.056989
838|1|79|79.0|2024-05-24 03:39:10.602347
839|0|55|55.0|2024-05-24 03:39:12.267761
840|1|65|65.0|2024-05-24 03:39:16.138978
841|0|53|53.0|2024-05-24 03:39:16.919671
842|0|46|46.0|2024-05-24 03:39:20.565711
843|1|63|63.0|2024-05-24 03:39:21.329319
844|0|56|56.0|2024-05-24 03:39:25.255451
845|1|94|94.0|2024-05-24 03:54:00.744330
846|0|47|47.0|2024-05-24 03:54:00.894181
847|1|17|17.0|2024-05-24 03:54:02.165143
848|0|61|61.0|2024-05-24 03:54:05.653119
849|1|53|53.0|2024-05-24 03:54:06.289086
850|1|33|33.0|2024-05-24 03:54:09.295295
851|0|68|68.0|2024-05-24 03:54:11.397575
852|1|56|56.0|2024-05-24 03:54:13.651765
853|1|58|58.0|2024-05-24 03:54:18.424218
854|0|106|106.0|2024-05-24 03:54:19.967697
855|1|29|29.0|2024-05-24 03:54:20.710465
856|0|51|51.0|2024-05-24 03:54:24.115916
857|1|79|79.0|2024-05-24 03:54:27.380064
858|0|53|53.0|2024-05-24 03:54:28.701686
859|1|29|29.0|2024-05-24 03:54:29.829430
860|0|38|38.0|2024-05-24 03:54:31.711816
861|1|40|40.0|2024-05-24 03:54:32.983939
862|0|30|30.0|2024-05-24 03:54:34.107735
863|1|36|36.0|2024-05-24 03:54:35.858490
864|0|53|53.0|2024-05-24 03:54:38.356244
865|1|60|60.0|2024-05-24 03:54:40.662038
866|0|64|64.0|2024-05-24 03:54:43.691348
867|1|56|56.0|2024-05-24 03:54:45.676225
868|0|51|51.0|2024-05-24 03:54:48.339971
869|1|52|52.0|2024-05-24 03:54:50.312452
870|0|55|55.0|2024-05-24 03:54:53.288865
871|1|46|46.0|2024-05-24 03:54:54.314888
872|0|40|40.0|2024-05-24 03:54:56.502537
873|1|43|43.0|2024-05-24 03:54:57.930689
874|1|41|41.0|2024-05-24 03:55:01.399830
875|0|88|88.0|2024-05-24 03:55:04.558073
876|1|34|34.0|2024-05-24 03:55:04.868080
877|0|42|42.0|2024-05-24 03:55:08.417531
878|1|39|39.0|2024-05-24 03:55:08.418553
879|0|46|46.0|2024-05-24 03:55:12.603689
880|1|89|89.0|2024-05-24 03:55:16.274070
881|0|71|71.0|2024-05-24 03:55:18.640501
882|1|38|38.0|2024-05-24 03:55:19.584605
883|0|66|66.0|2024-05-24 04:09:47.851200
884|1|62|62.0|2024-05-24 04:09:48.512387
885|0|68|68.0|2024-05-24 04:09:53.959715
886|1|68|68.0|2024-05-24 04:09:54.614448
887|1|62|62.0|2024-05-24 04:09:59.892071
888|0|72|72.0|2024-05-24 04:10:00.254120
889|1|52|52.0|2024-05-24 04:10:04.641847
890|0|93|93.0|2024-05-24 04:10:07.952912
891|1|56|56.0|2024-05-24 04:10:08.885726
892|1|44|44.0|2024-05-24 04:10:12.208596
893|0|56|56.0|2024-05-24 04:10:12.295639
894|0|35|35.0|2024-05-24 04:10:14.938954
895|1|61|61.0|2024-05-24 04:10:17.007719
896|0|30|30.0|2024-05-24 04:10:17.464138
897|1|74|74.0|2024-05-24 04:10:22.990689
898|1|69|69.0|2024-05-24 04:10:28.798844
899|0|171|171.0|2024-05-24 04:10:31.619903
900|1|54|54.0|2024-05-24 04:10:33.892419
901|1|40|40.0|2024-05-24 04:10:37.029415
902|0|69|69.0|2024-05-24 04:10:37.564130
903|1|55|55.0|2024-05-24 04:10:41.531820
904|0|103|103.0|2024-05-24 04:10:46.113332
905|1|70|70.0|2024-05-24 04:10:47.397122
906|0|47|47.0|2024-05-24 04:10:50.394390
907|1|72|72.0|2024-05-24 04:10:53.798474
908|0|41|41.0|2024-05-24 04:10:53.970590
909|1|86|86.0|2024-05-24 04:11:00.924129
910|0|95|95.0|2024-05-24 04:11:01.958468
911|0|36|36.0|2024-05-24 04:11:04.877357
912|1|70|70.0|2024-05-24 04:11:06.720104
913|0|65|65.0|2024-05-24 04:11:10.418158
914|1|65|65.0|2024-05-24 04:25:17.976045
915|0|44|44.0|2024-05-24 04:25:19.616586
916|1|52|52.0|2024-05-24 04:25:22.384446
917|1|61|61.0|2024-05-24 04:25:27.902030
918|0|108|108.0|2024-05-24 04:25:29.222574
919|1|47|47.0|2024-05-24 04:25:31.686037
920|0|45|45.0|2024-05-24 04:25:32.812157
921|1|70|70.0|2024-05-24 04:25:37.429215
922|0|75|75.0|2024-05-24 04:25:38.888857
923|0|46|46.0|2024-05-24 04:25:42.558490
924|1|119|119.0|2024-05-24 04:25:47.421233
925|0|58|58.0|2024-05-24 04:25:48.225064
926|1|52|52.0|2024-05-24 04:25:52.203248
927|0|83|83.0|2024-05-24 04:25:54.743655
928|1|49|49.0|2024-05-24 04:25:55.749381
929|0|81|81.0|2024-05-24 04:26:01.236344
930|1|77|77.0|2024-05-24 04:26:02.087874
931|0|44|44.0|2024-05-24 04:26:05.101749
932|1|62|62.0|2024-05-24 04:26:07.368913
933|0|112|112.0|2024-05-24 04:26:14.091143
934|1|114|114.0|2024-05-24 04:26:16.407658
935|0|69|69.0|2024-05-24 04:26:19.366585
936|1|109|109.0|2024-05-24 04:26:24.855251
937|0|131|131.0|2024-05-24 04:26:29.641453
938|1|76|76.0|2024-05-24 04:26:30.771953
939|0|72|72.0|2024-05-24 04:26:35.287861
940|1|63|63.0|2024-05-24 04:26:35.773984
941|1|60|60.0|2024-05-24 04:40:52.308577
942|0|76|76.0|2024-05-24 04:40:53.247127
943|0|90|90.0|2024-05-24 04:41:00.606705
944|1|107|107.0|2024-05-24 04:41:01.090822
945|0|81|81.0|2024-05-24 04:41:07.175916
946|1|97|97.0|2024-05-24 04:41:08.848203
947|1|62|62.0|2024-05-24 04:41:13.900417
948|0|120|120.0|2024-05-24 04:41:16.780567
949|0|75|75.0|2024-05-24 04:41:23.235124
950|1|121|121.0|2024-05-24 04:41:24.385095
951|0|58|58.0|2024-05-24 04:41:28.358837
952|1|48|48.0|2024-05-24 04:41:28.435316
953|1|60|60.0|2024-05-24 04:41:33.312147
954|0|64|64.0|2024-05-24 04:41:33.595616
955|1|83|83.0|2024-05-24 04:41:40.924566
956|0|87|87.0|2024-05-24 04:41:41.456307
957|1|49|49.0|2024-05-24 04:41:44.916516
958|0|67|67.0|2024-05-24 04:41:47.324949
959|1|52|52.0|2024-05-24 04:41:49.560612
960|0|67|67.0|2024-05-24 04:41:53.478079
961|1|50|50.0|2024-05-24 04:41:54.298371
962|1|47|47.0|2024-05-24 04:41:58.502543
963|0|59|59.0|2024-05-24 04:41:58.696767
964|1|70|70.0|2024-05-24 04:42:04.851274
965|0|100|100.0|2024-05-24 04:42:07.593096
966|1|54|54.0|2024-05-24 04:42:09.435726
967|1|81|81.0|2024-05-24 04:56:57.979107
968|0|129|129.0|2024-05-24 04:57:00.378887
969|1|70|70.0|2024-05-24 04:57:03.933885
970|0|72|72.0|2024-05-24 04:57:06.108372
971|1|47|47.0|2024-05-24 04:57:07.703444
972|0|63|63.0|2024-05-24 04:57:11.714685
973|1|76|76.0|2024-05-24 04:57:14.737486
974|0|66|66.0|2024-05-24 04:57:17.499923
975|1|75|75.0|2024-05-24 04:57:21.429551
976|0|61|61.0|2024-05-24 04:57:23.205195
977|0|61|61.0|2024-05-24 04:57:28.541769
978|1|107|107.0|2024-05-24 04:57:30.861144
979|0|90|90.0|2024-05-24 04:57:36.145100
980|1|130|130.0|2024-05-24 04:57:42.121543
981|1|78|78.0|2024-05-24 04:57:49.159626
982|0|164|164.0|2024-05-24 04:57:50.819675
983|1|45|45.0|2024-05-24 04:57:53.086578
984|0|67|67.0|2024-05-24 04:57:56.878857
985|1|64|64.0|2024-05-24 04:57:58.731162
986|0|59|59.0|2024-05-24 04:58:01.628546
987|1|71|71.0|2024-05-24 04:58:04.362303
988|0|72|72.0|2024-05-24 04:58:07.617277
989|1|73|73.0|2024-05-24 04:58:10.744675
990|0|79|79.0|2024-05-24 04:58:14.325386
991|1|94|94.0|2024-05-24 04:58:18.043130
992|0|68|68.0|2024-05-24 04:58:19.439505
993|0|80|80.0|2024-05-24 05:12:27.262764
994|1|99|99.0|2024-05-24 05:12:27.326996
995|0|49|49.0|2024-05-24 05:12:31.569627
996|1|65|65.0|2024-05-24 05:12:32.901784
997|0|34|34.0|2024-05-24 05:12:34.334144
998|1|75|75.0|2024-05-24 05:12:38.985618
999|0|62|62.0|2024-05-24 05:12:39.316307
1000|1|71|71.0|2024-05-24 05:12:45.490736
1001|0|70|70.0|2024-05-24 05:12:45.751658
1002|1|28|28.0|2024-05-24 05:12:48.072109
1003|0|48|48.0|2024-05-24 05:12:50.084127
1004|1|72|72.0|2024-05-24 05:12:54.045458
1005|1|49|49.0|2024-05-24 05:12:58.078698
1006|0|130|130.0|2024-05-24 05:13:00.818824
1007|1|93|93.0|2024-05-24 05:13:05.828952
1008|0|89|89.0|2024-05-24 05:13:08.286898
1009|0|49|49.0|2024-05-24 05:13:12.491113
1010|1|94|94.0|2024-05-24 05:13:13.713685
1011|0|54|54.0|2024-05-24 05:13:16.748655
1012|0|48|48.0|2024-05-24 05:13:20.529040
1013|1|121|121.0|2024-05-24 05:13:23.527470
1014|0|73|73.0|2024-05-24 05:13:26.973226
1015|1|84|84.0|2024-05-24 05:13:31.037566
1016|0|73|73.0|2024-05-24 05:13:33.251072
1017|1|50|50.0|2024-05-24 05:13:35.483439
1018|1|42|42.0|2024-05-24 05:13:39.371234
1019|0|96|96.0|2024-05-24 05:13:42.125739
1020|1|92|92.0|2024-05-24 05:27:38.457884
1021|0|79|79.0|2024-05-24 05:27:39.773289
1022|1|50|50.0|2024-05-24 05:27:42.885449
1023|0|69|69.0|2024-05-24 05:27:45.736900
1024|1|82|82.0|2024-05-24 05:27:49.733058
1025|0|73|73.0|2024-05-24 05:27:53.162904
1026|0|77|77.0|2024-05-24 05:27:59.028215
1027|1|110|110.0|2024-05-24 05:27:59.622390
1028|0|88|88.0|2024-05-24 05:28:06.637114
1029|1|87|87.0|2024-05-24 05:28:07.048448
1030|0|69|69.0|2024-05-24 05:28:12.414510
1031|1|81|81.0|2024-05-24 05:28:13.844092
1032|0|79|79.0|2024-05-24 05:28:18.481712
1033|1|79|79.0|2024-05-24 05:28:19.804909
1034|0|58|58.0|2024-05-24 05:28:22.833640
1035|1|60|60.0|2024-05-24 05:28:24.330852
1036|0|55|55.0|2024-05-24 05:28:27.107106
1037|1|93|93.0|2024-05-24 05:28:31.579851
1038|0|63|63.0|2024-05-24 05:28:32.052331
1039|1|60|60.0|2024-05-24 05:28:35.924071
1040|0|103|103.0|2024-05-24 05:28:40.032146
1041|1|101|101.0|2024-05-24 05:28:43.915751
1042|0|60|60.0|2024-05-24 05:28:44.574625
1043|1|33|33.0|2024-05-24 05:28:46.324266
1044|0|81|81.0|2024-05-24 05:28:50.561231
1045|1|92|92.0|2024-05-24 05:28:53.163980
1046|0|77|77.0|2024-05-24 05:28:56.350326
1047|1|77|77.0|2024-05-24 05:43:37.397102
1048|0|85|85.0|2024-05-24 05:43:41.303077
1049|1|82|82.0|2024-05-24 05:43:43.845115
1050|0|83|83.0|2024-05-24 05:43:48.870664
1051|1|76|76.0|2024-05-24 05:43:51.065892
1052|0|53|53.0|2024-05-24 05:43:53.435194
1053|0|49|49.0|2024-05-24 05:43:57.759065
1054|1|83|83.0|2024-05-24 05:43:58.561247
1055|1|76|76.0|2024-05-24 05:44:04.854983
1056|0|131|131.0|2024-05-24 05:44:08.891300
1057|1|60|60.0|2024-05-24 05:44:09.840732
1058|1|80|80.0|2024-05-24 05:44:16.216564
1059|1|70|70.0|2024-05-24 05:44:21.895517
1060|0|194|194.0|2024-05-24 05:44:24.366944
1061|1|77|77.0|2024-05-24 05:44:27.930664
1062|0|55|55.0|2024-05-24 05:44:28.573683
1063|0|52|52.0|2024-05-24 05:44:32.654729
1064|1|66|66.0|2024-05-24 05:44:33.000068
1065|1|58|58.0|2024-05-24 05:44:37.592253
1066|0|79|79.0|2024-05-24 05:44:38.992490
1067|1|49|49.0|2024-05-24 05:44:41.623238
1068|1|38|38.0|2024-05-24 05:44:44.742457
1069|0|83|83.0|2024-05-24 05:44:45.888755
1070|0|75|75.0|2024-05-24 05:44:51.829690
1071|1|141|141.0|2024-05-24 05:44:56.108531
1072|0|63|63.0|2024-05-24 05:44:57.026349
1073|1|88|88.0|2024-05-24 05:59:24.650104
1074|0|85|85.0|2024-05-24 05:59:25.286462
1075|1|87|87.0|2024-05-24 05:59:32.082882
1076|0|106|106.0|2024-05-24 05:59:34.132476
1077|1|70|70.0|2024-05-24 05:59:37.726375
1078|0|91|91.0|2024-05-24 05:59:41.468609
1079|1|88|88.0|2024-05-24 05:59:44.771004
1080|0|62|62.0|2024-05-24 05:59:46.262714
1081|1|79|79.0|2024-05-24 05:59:51.081561
1082|0|62|62.0|2024-05-24 05:59:51.429735
1083|0|58|58.0|2024-05-24 05:59:56.206570
1084|1|130|130.0|2024-05-24 06:00:01.367605
1085|0|88|88.0|2024-05-24 06:00:02.909522
1086|0|53|53.0|2024-05-24 06:00:07.744729
1087|1|117|117.0|2024-05-24 06:00:11.393652
1088|1|58|58.0|2024-05-24 06:00:16.224749
1089|0|119|119.0|2024-05-24 06:00:17.882480
1090|0|66|66.0|2024-05-24 06:00:23.643266
1091|1|108|108.0|2024-05-24 06:00:25.816720
1092|0|118|118.0|2024-05-24 06:00:33.552801
1093|1|108|108.0|2024-05-24 06:00:34.758626
1094|0|48|48.0|2024-05-24 06:00:37.355516
1095|1|68|68.0|2024-05-24 06:00:40.344295
1096|1|62|62.0|2024-05-24 06:14:12.762538
1097|0|111|111.0|2024-05-24 06:14:13.976286
1098|0|61|61.0|2024-05-24 06:14:18.769163
1099|1|82|82.0|2024-05-24 06:14:19.366486
1100|0|65|65.0|2024-05-24 06:14:24.687318
1101|0|36|36.0|2024-05-24 06:14:27.726187
1102|1|97|97.0|2024-05-24 06:14:28.042980
1103|1|46|46.0|2024-05-24 06:14:31.870934
1104|0|53|53.0|2024-05-24 06:14:32.199247
1105|1|51|51.0|2024-05-24 06:14:36.080950
1106|0|124|124.0|2024-05-24 06:14:42.425858
1107|1|82|82.0|2024-05-24 06:14:42.828229
1108|0|47|47.0|2024-05-24 06:14:46.241078
1109|1|88|88.0|2024-05-24 06:14:49.841123
1110|0|53|53.0|2024-05-24 06:14:50.283068
1111|1|63|63.0|2024-05-24 06:14:54.545815
1112|1|49|49.0|2024-05-24 06:14:58.861250
1113|1|63|63.0|2024-05-24 06:15:04.104269
1114|0|187|187.0|2024-05-24 06:15:05.468567
1115|1|64|64.0|2024-05-24 06:15:08.950344
1116|0|69|69.0|2024-05-24 06:15:10.899331
1117|1|62|62.0|2024-05-24 06:15:13.753971
1118|0|91|91.0|2024-05-24 06:15:18.004608
1119|1|62|62.0|2024-05-24 06:15:18.796125
1120|0|73|73.0|2024-05-24 06:15:24.332295
1121|1|98|98.0|2024-05-24 06:15:26.908159
1122|0|48|48.0|2024-05-24 06:15:27.977086
1123|1|46|46.0|2024-05-24 06:29:47.958218
1124|0|118|118.0|2024-05-24 06:29:55.437019
1125|1|95|95.0|2024-05-24 06:29:56.700206
1126|0|54|54.0|2024-05-24 06:30:00.633879
1127|0|76|76.0|2024-05-24 06:30:07.015466
1128|1|155|155.0|2024-05-24 06:30:10.000883
1129|0|78|78.0|2024-05-24 06:30:13.895087
1130|1|46|46.0|2024-05-24 06:30:14.062363
1131|1|64|64.0|2024-05-24 06:30:19.780394
1132|0|80|80.0|2024-05-24 06:30:21.014208
1133|1|78|78.0|2024-05-24 06:30:26.398209
1134|0|102|102.0|2024-05-24 06:30:29.301263
1135|1|45|45.0|2024-05-24 06:30:29.836126
1136|0|79|79.0|2024-05-24 06:30:36.011590
1137|1|76|76.0|2024-05-24 06:30:36.405435
1138|0|44|44.0|2024-05-24 06:30:39.731407
1139|1|63|63.0|2024-05-24 06:30:41.817579
1140|0|70|70.0|2024-05-24 06:30:45.933840
1141|1|57|57.0|2024-05-24 06:30:46.734353
1142|1|53|53.0|2024-05-24 06:30:51.184017
1143|0|117|117.0|2024-05-24 06:30:55.694757
1144|1|99|99.0|2024-05-24 06:30:59.417689
1145|0|92|92.0|2024-05-24 06:31:03.272241
1146|1|126|126.0|2024-05-24 06:31:09.748739
1147|0|90|90.0|2024-05-24 06:31:10.606790
1148|1|127|127.0|2024-05-24 06:46:06.787203
1149|1|80|80.0|2024-05-24 06:46:13.538346
1150|0|200|200.0|2024-05-24 06:46:14.525256
1151|1|48|48.0|2024-05-24 06:46:18.331754
1152|1|51|51.0|2024-05-24 06:46:22.708971
1153|0|117|117.0|2024-05-24 06:46:24.391419
1154|0|107|107.0|2024-05-24 06:46:32.841251
1155|1|134|134.0|2024-05-24 06:46:33.218983
1156|0|59|59.0|2024-05-24 06:46:37.317819
1157|1|106|106.0|2024-05-24 06:46:41.442003
1158|0|87|87.0|2024-05-24 06:46:44.627164
1159|1|132|132.0|2024-05-24 06:46:52.662729
1160|1|70|70.0|2024-05-24 06:46:58.375960
1161|0|200|200.0|2024-05-24 06:47:01.420795
1162|0|63|63.0|2024-05-24 06:47:06.855315
1163|1|127|127.0|2024-05-24 06:47:09.534033
1164|0|59|59.0|2024-05-24 06:47:11.739535
1165|0|49|49.0|2024-05-24 06:47:16.417960
1166|1|103|103.0|2024-05-24 06:47:18.611814
1167|0|67|67.0|2024-05-24 07:01:34.427043
1168|1|97|97.0|2024-05-24 07:01:39.411793
1169|0|80|80.0|2024-05-24 07:01:41.712668
1170|0|27|27.0|2024-05-24 07:01:43.992484
1171|1|65|65.0|2024-05-24 07:01:45.186433
1172|0|45|45.0|2024-05-24 07:01:47.866699
1173|1|96|96.0|2024-05-24 07:01:53.789773
1174|0|109|109.0|2024-05-24 07:01:57.970622
1175|1|64|64.0|2024-05-24 07:02:00.137043
1176|0|55|55.0|2024-05-24 07:02:03.139366
1177|0|45|45.0|2024-05-24 07:02:06.561133
1178|1|114|114.0|2024-05-24 07:02:09.544124
1179|0|57|57.0|2024-05-24 07:02:11.402618
1180|1|85|85.0|2024-05-24 07:02:16.279061
1181|0|65|65.0|2024-05-24 07:02:16.492047
1182|1|55|55.0|2024-05-24 07:02:21.273150
1183|0|75|75.0|2024-05-24 07:02:23.352380
1184|1|59|59.0|2024-05-24 07:02:26.893924
1185|0|45|45.0|2024-05-24 07:02:27.722832
1186|1|60|60.0|2024-05-24 07:02:32.247676
1187|0|52|52.0|2024-05-24 07:02:32.337018
1188|1|39|39.0|2024-05-24 07:02:35.434615
1189|0|52|52.0|2024-05-24 07:02:36.650669
1190|0|59|59.0|2024-05-24 07:02:41.559964
1191|1|76|76.0|2024-05-24 07:02:41.776968
1192|0|48|48.0|2024-05-24 07:02:45.255127
1193|1|80|80.0|2024-05-24 07:02:47.739871
1194|0|53|53.0|2024-05-24 07:02:49.442745
1195|0|109|109.0|2024-05-24 07:02:58.420623
1196|1|176|176.0|2024-05-24 07:17:32.631142
1197|0|67|67.0|2024-05-24 07:17:34.051805
1198|1|47|47.0|2024-05-24 07:17:36.516792
1199|0|72|72.0|2024-05-24 07:17:39.792198
1200|1|43|43.0|2024-05-24 07:17:40.402170
1201|1|48|48.0|2024-05-24 07:17:44.410001
1202|0|59|59.0|2024-05-24 07:17:45.349569
1203|1|61|61.0|2024-05-24 07:17:49.545955
1204|0|56|56.0|2024-05-24 07:17:49.999559
1205|1|39|39.0|2024-05-24 07:17:52.964804
1206|0|69|69.0|2024-05-24 07:17:55.692509
1207|1|65|65.0|2024-05-24 07:17:58.235693
1208|0|102|102.0|2024-05-24 07:18:03.930634
1209|1|84|84.0|2024-05-24 07:18:04.908667
1210|1|85|85.0|2024-05-24 07:18:12.599164
1211|0|106|106.0|2024-05-24 07:18:13.570770
1212|0|63|63.0|2024-05-24 07:18:18.865952
1213|1|76|76.0|2024-05-24 07:18:19.068436
1214|1|46|46.0|2024-05-24 07:18:22.840475
1215|0|60|60.0|2024-05-24 07:18:23.762362
1216|0|48|48.0|2024-05-24 07:18:27.616916
1217|1|64|64.0|2024-05-24 07:18:28.032879
1218|0|69|69.0|2024-05-24 07:18:33.440324
1219|1|124|124.0|2024-05-24 07:18:38.825390
1220|0|71|71.0|2024-05-24 07:18:39.711072
1221|0|58|58.0|2024-05-24 07:18:45.063167
1222|1|110|110.0|2024-05-24 07:18:48.852952
1223|0|59|59.0|2024-05-24 07:18:50.478990
1224|0|42|42.0|2024-05-24 07:33:37.670102
1225|1|84|84.0|2024-05-24 07:33:40.217285
1226|0|69|69.0|2024-05-24 07:33:44.234859
1227|1|86|86.0|2024-05-24 07:33:47.605791
1228|0|79|79.0|2024-05-24 07:33:50.698926
1229|1|109|109.0|2024-05-24 07:33:56.517433
1230|0|84|84.0|2024-05-24 07:33:57.539620
1231|1|60|60.0|2024-05-24 07:34:01.537108
1232|0|65|65.0|2024-05-24 07:34:03.029353
1233|1|76|76.0|2024-05-24 07:34:08.513531
1234|1|71|71.0|2024-05-24 07:34:14.255904
1235|0|165|165.0|2024-05-24 07:34:17.159521
1236|0|44|44.0|2024-05-24 07:34:20.745840
1237|1|82|82.0|2024-05-24 07:34:20.909609
1238|0|56|56.0|2024-05-24 07:34:25.706282
1239|1|70|70.0|2024-05-24 07:34:26.976662
1240|0|57|57.0|2024-05-24 07:34:30.607161
1241|1|60|60.0|2024-05-24 07:34:32.104277
1242|1|52|52.0|2024-05-24 07:34:36.693384
1243|0|86|86.0|2024-05-24 07:34:38.075963
1244|1|70|70.0|2024-05-24 07:34:42.553665
1245|0|73|73.0|2024-05-24 07:34:43.919914
1246|1|63|63.0|2024-05-24 07:34:47.544741
1247|0|77|77.0|2024-05-24 07:34:50.258847
1248|1|88|88.0|2024-05-24 07:34:54.704798
1249|1|70|70.0|2024-05-24 07:34:59.950659
1250|0|133|133.0|2024-05-24 07:49:07.949031
1251|1|60|60.0|2024-05-24 07:49:12.093659
1252|0|77|77.0|2024-05-24 07:49:13.957962
1253|1|59|59.0|2024-05-24 07:49:16.694203
1254|1|48|48.0|2024-05-24 07:49:20.333085
1255|0|119|119.0|2024-05-24 07:49:23.126745
1256|0|40|40.0|2024-05-24 07:49:26.358673
1257|1|79|79.0|2024-05-24 07:49:26.621751
1258|1|51|51.0|2024-05-24 07:49:30.785935
1259|0|87|87.0|2024-05-24 07:49:33.378586
1260|0|55|55.0|2024-05-24 07:49:37.752409
1261|1|106|106.0|2024-05-24 07:49:39.217381
1262|1|77|77.0|2024-05-24 07:49:45.753860
1263|1|88|88.0|2024-05-24 07:49:53.804823
1264|0|194|194.0|2024-05-24 07:49:54.653613
1265|0|66|66.0|2024-05-24 07:49:59.928541
1266|1|81|81.0|2024-05-24 07:50:00.297907
1267|0|98|98.0|2024-05-24 07:50:08.501939
1268|1|95|95.0|2024-05-24 07:50:08.597006
1269|0|106|106.0|2024-05-24 07:50:16.693580
1270|0|39|39.0|2024-05-24 07:50:19.991469
1271|1|173|173.0|2024-05-24 07:50:22.384666
1272|0|90|90.0|2024-05-24 07:50:27.426117
1273|1|137|137.0|2024-05-24 08:04:38.616370
1274|0|87|87.0|2024-05-24 08:04:39.661876
1275|1|68|68.0|2024-05-24 08:04:44.295221
1276|0|74|74.0|2024-05-24 08:04:45.781432
1277|1|117|117.0|2024-05-24 08:04:53.883911
1278|0|117|117.0|2024-05-24 08:04:55.204723
1279|0|80|80.0|2024-05-24 08:05:02.119310
1280|1|105|105.0|2024-05-24 08:05:02.713566
1281|1|86|86.0|2024-05-24 08:05:10.206431
1282|0|103|103.0|2024-05-24 08:05:11.050131
1283|1|84|84.0|2024-05-24 08:05:16.971144
1284|0|77|77.0|2024-05-24 08:05:17.146886
1285|0|66|66.0|2024-05-24 08:05:22.298068
1286|1|72|72.0|2024-05-24 08:05:22.654472
1287|1|64|64.0|2024-05-24 08:05:27.885100
1288|0|98|98.0|2024-05-24 08:05:30.486393
1289|1|68|68.0|2024-05-24 08:05:33.821954
1290|0|71|71.0|2024-05-24 08:05:36.580461
1291|0|75|75.0|2024-05-24 08:05:42.869666
1292|0|55|55.0|2024-05-24 08:05:47.390523
1293|1|200|200.0|2024-05-24 08:05:50.568103
1294|0|65|65.0|2024-05-24 08:05:52.943341
1295|1|96|96.0|2024-05-24 08:20:21.358086
1296|0|147|147.0|2024-05-24 08:20:27.495904
1297|1|134|134.0|2024-05-24 08:20:31.907818
1298|0|116|116.0|2024-05-24 08:20:36.464054
1299|1|88|88.0|2024-05-24 08:20:38.605530
1300|1|85|85.0|2024-05-24 08:20:45.701005
1301|0|124|124.0|2024-05-24 08:20:46.707696
1302|0|123|123.0|2024-05-24 08:20:57.163007
1303|1|184|184.0|2024-05-24 08:21:01.051081
1304|1|92|92.0|2024-05-24 08:21:08.529289
1305|0|147|147.0|2024-05-24 08:21:09.071646
1306|1|63|63.0|2024-05-24 08:21:13.452384
1307|0|65|65.0|2024-05-24 08:21:14.058461
1308|1|75|75.0|2024-05-24 08:21:19.401457
1309|0|147|147.0|2024-05-24 08:21:26.212377
1310|1|89|89.0|2024-05-24 08:21:26.991580
1311|1|62|62.0|2024-05-24 08:21:31.964245
1312|0|80|80.0|2024-05-24 08:21:32.761966
1313|0|35|35.0|2024-05-24 08:21:35.897921
1314|0|62|62.0|2024-05-24 08:36:24.595972
1315|1|127|127.0|2024-05-24 08:36:26.356646
1316|0|90|90.0|2024-05-24 08:36:32.008595
1317|1|84|84.0|2024-05-24 08:36:33.149451
1318|0|69|69.0|2024-05-24 08:36:37.285639
1319|1|106|106.0|2024-05-24 08:36:41.453142
1320|0|91|91.0|2024-05-24 08:36:44.480289
1321|0|111|111.0|2024-05-24 08:36:53.385479
1322|1|200|200.0|2024-05-24 08:36:57.664946
1323|0|106|106.0|2024-05-24 08:37:01.967134
1324|0|100|100.0|2024-05-24 08:37:09.639299
1325|1|168|168.0|2024-05-24 08:37:10.886350
1326|0|122|122.0|2024-05-24 08:37:19.372519
1327|1|121|121.0|2024-05-24 08:37:20.228586
1328|0|92|92.0|2024-05-24 08:37:26.988198
1329|0|82|82.0|2024-05-24 08:37:34.188097
1330|1|186|186.0|2024-05-24 08:37:36.001398
1331|0|186|186.0|2024-05-24 08:52:35.585937
1332|1|170|170.0|2024-05-24 08:52:36.125005
1333|0|91|91.0|2024-05-24 08:52:43.113098
1334|1|184|184.0|2024-05-24 08:52:51.867484
1335|0|133|133.0|2024-05-24 08:52:54.618830
1336|1|102|102.0|2024-05-24 08:53:00.641194
1337|0|106|106.0|2024-05-24 08:53:03.718260
1338|1|159|159.0|2024-05-24 08:53:13.641371
1339|0|141|141.0|2024-05-24 08:53:15.450187
1340|0|111|111.0|2024-05-24 08:53:25.161882
1341|1|150|150.0|2024-05-24 08:53:26.873412
1342|1|108|108.0|2024-05-24 08:53:36.073689
1343|0|138|138.0|2024-05-24 08:53:36.965817
1344|0|107|107.0|2024-05-24 08:53:46.213434
1345|1|184|184.0|2024-05-24 08:53:51.856647
1346|0|96|96.0|2024-05-24 08:53:54.250915
1347|0|102|102.0|2024-05-24 09:08:40.164971
1348|1|134|134.0|2024-05-24 09:08:40.402814
1349|0|105|105.0|2024-05-24 09:08:48.905506
1350|1|150|150.0|2024-05-24 09:08:53.755652
1351|0|71|71.0|2024-05-24 09:08:55.964616
1352|1|83|83.0|2024-05-24 09:09:01.180164
1353|1|80|80.0|2024-05-24 09:09:07.848396
1354|0|165|165.0|2024-05-24 09:09:10.174131
1355|1|77|77.0|2024-05-24 09:09:14.423293
1356|0|132|132.0|2024-05-24 09:09:21.509581
1357|1|133|133.0|2024-05-24 09:09:26.179885
1358|0|111|111.0|2024-05-24 09:09:30.938243
1359|1|128|128.0|2024-05-24 09:09:36.766886
1360|0|111|111.0|2024-05-24 09:09:40.426878
1361|1|103|103.0|2024-05-24 09:09:45.365299
1362|0|135|135.0|2024-05-24 09:09:51.276936
1363|0|75|75.0|2024-05-24 09:24:56.206310
1364|1|158|158.0|2024-05-24 09:24:57.058910
1365|1|92|92.0|2024-05-24 09:25:05.342688
1366|0|121|121.0|2024-05-24 09:25:07.089926
1367|1|119|119.0|2024-05-24 09:25:15.491765
1368|0|103|103.0|2024-05-24 09:25:15.736288
1369|0|97|97.0|2024-05-24 09:25:23.956747
1370|1|108|108.0|2024-05-24 09:25:24.703651
1371|1|101|101.0|2024-05-24 09:25:33.251482
1372|0|111|111.0|2024-05-24 09:25:33.411348
1373|1|44|44.0|2024-05-24 09:25:36.664910
1374|0|100|100.0|2024-05-24 09:25:40.959125
1375|1|90|90.0|2024-05-24 09:25:43.930907
1376|0|95|95.0|2024-05-24 09:25:49.032189
1377|1|89|89.0|2024-05-24 09:25:51.351396
1378|0|200|200.0|2024-05-24 09:26:05.992339
1379|1|200|200.0|2024-05-24 09:26:08.231630
1380|0|116|116.0|2024-05-24 09:26:15.277876
1381|1|136|136.0|2024-05-24 09:40:46.289936
1382|0|84|84.0|2024-05-24 09:40:49.692565
1383|1|116|116.0|2024-05-24 09:40:56.636344
1384|0|90|90.0|2024-05-24 09:40:57.537597
1385|1|71|71.0|2024-05-24 09:41:02.484124
1386|0|98|98.0|2024-05-24 09:41:06.203281
1387|1|81|81.0|2024-05-24 09:41:09.853186
1388|0|100|100.0|2024-05-24 09:41:14.467979
1389|1|89|89.0|2024-05-24 09:41:17.120555
1390|1|59|59.0|2024-05-24 09:41:21.809822
1391|0|123|123.0|2024-05-24 09:41:24.363051
1392|1|93|93.0|2024-05-24 09:41:28.844344
1393|0|123|123.0|2024-05-24 09:41:34.480682
1394|1|102|102.0|2024-05-24 09:41:37.504574
1395|0|132|132.0|2024-05-24 09:41:45.388590
1396|1|117|117.0|2024-05-24 09:41:47.480333
1397|1|83|83.0|2024-05-24 09:41:53.961874
1398|0|136|136.0|2024-05-24 09:41:56.678105
1399|1|104|104.0|2024-05-24 09:42:02.649790
1400|0|81|81.0|2024-05-24 09:42:03.805950
1401|0|54|54.0|2024-05-24 09:42:08.159026
1402|0|63|63.0|2024-05-24 09:57:33.268188
1403|1|132|132.0|2024-05-24 09:57:33.975747
1404|0|145|145.0|2024-05-24 09:57:45.374107
1405|1|200|200.0|2024-05-24 09:57:51.236097
1406|0|110|110.0|2024-05-24 09:57:54.930690
1407|1|77|77.0|2024-05-24 09:57:57.586023
1408|0|152|152.0|2024-05-24 09:58:09.017427
1409|1|200|200.0|2024-05-24 09:58:15.882135
1410|0|98|98.0|2024-05-24 09:58:17.662005
1411|0|96|96.0|2024-05-24 09:58:26.018775
1412|0|62|62.0|2024-05-24 09:58:31.016400
1413|1|200|200.0|2024-05-24 09:58:33.212670
1414|1|119|119.0|2024-05-24 09:58:42.947508
1415|0|157|157.0|2024-05-24 09:58:44.264335
1416|1|97|97.0|2024-05-24 09:58:51.607076
1417|0|148|148.0|2024-05-24 10:14:15.213807
1418|1|89|89.0|2024-05-24 10:14:17.204691
1419|0|71|71.0|2024-05-24 10:14:21.619163
1420|1|97|97.0|2024-05-24 10:14:25.915675
1421|0|75|75.0|2024-05-24 10:14:28.321747
1422|1|111|111.0|2024-05-24 10:14:36.500997
1423|0|113|113.0|2024-05-24 10:14:39.052255
1424|1|151|151.0|2024-05-24 10:14:50.527856
1425|0|151|151.0|2024-05-24 10:14:53.302955
1426|1|95|95.0|2024-05-24 10:14:59.785916
1427|0|130|130.0|2024-05-24 10:15:06.238696
1428|1|118|118.0|2024-05-24 10:15:11.359878
1429|0|107|107.0|2024-05-24 10:15:15.608953
1430|1|89|89.0|2024-05-24 10:15:18.823599
1431|0|95|95.0|2024-05-24 10:15:23.723859
1432|1|82|82.0|2024-05-24 10:15:25.409741
1433|0|116|116.0|2024-05-24 10:15:33.194475
1434|1|128|128.0|2024-05-24 10:15:36.143714
1435|0|146|146.0|2024-05-24 10:31:22.365482
1436|1|141|141.0|2024-05-24 10:31:24.838451
1437|1|149|149.0|2024-05-24 10:31:38.354627
1438|0|200|200.0|2024-05-24 10:31:40.422712
1439|0|106|106.0|2024-05-24 10:31:49.575386
1440|1|200|200.0|2024-05-24 10:31:55.602221
1441|0|115|115.0|2024-05-24 10:31:59.291007
1442|0|145|145.0|2024-05-24 10:32:11.454897
1443|1|189|189.0|2024-05-24 10:32:11.659711
1444|0|118|118.0|2024-05-24 10:32:20.817136
1445|1|120|120.0|2024-05-24 10:32:21.190600
1446|0|183|183.0|2024-05-24 10:32:36.536479
1447|1|200|200.0|2024-05-24 10:32:38.618584
1448|1|143|143.0|2024-05-24 10:48:29.217000
1449|0|192|192.0|2024-05-24 10:48:31.713521
1450|1|101|101.0|2024-05-24 10:48:39.301077
1451|0|137|137.0|2024-05-24 10:48:44.862217
1452|1|106|106.0|2024-05-24 10:48:48.244089
1453|0|112|112.0|2024-05-24 10:48:54.404663
1454|1|108|108.0|2024-05-24 10:48:57.822588
1455|0|95|95.0|2024-05-24 10:49:02.779181
1456|0|68|68.0|2024-05-24 10:49:08.772362
1457|1|139|139.0|2024-05-24 10:49:10.054583
1458|0|108|108.0|2024-05-24 10:49:18.564949
1459|1|139|139.0|2024-05-24 10:49:23.135788
1460|0|115|115.0|2024-05-24 10:49:30.025669
1461|1|94|94.0|2024-05-24 10:49:32.040523
1462|0|117|117.0|2024-05-24 10:49:39.832030
1463|1|104|104.0|2024-05-24 10:49:40.797195
1464|0|111|111.0|2024-05-24 10:49:48.645978
1465|1|131|131.0|2024-05-24 11:05:00.718422
1466|0|200|200.0|2024-05-24 11:05:15.513281
1467|1|200|200.0|2024-05-24 11:05:18.517248
1468|0|131|131.0|2024-05-24 11:05:27.281692
1469|1|124|124.0|2024-05-24 11:05:29.367220
1470|0|137|137.0|2024-05-24 11:05:39.125053
1471|1|143|143.0|2024-05-24 11:05:41.692512
1472|0|141|141.0|2024-05-24 11:05:51.282226
1473|1|160|160.0|2024-05-24 11:05:55.901633
1474|0|115|115.0|2024-05-24 11:06:02.249692
1475|1|126|126.0|2024-05-24 11:06:08.407341
1476|0|136|136.0|2024-05-24 11:06:15.430186
1477|1|161|161.0|2024-05-24 11:06:22.985019
1478|0|133|133.0|2024-05-24 11:06:26.637212
1479|1|146|146.0|2024-05-24 11:22:27.383109
1480|0|136|136.0|2024-05-24 11:22:31.068027
1481|1|151|151.0|2024-05-24 11:22:41.592919
1482|0|153|153.0|2024-05-24 11:22:45.350269
1483|1|127|127.0|2024-05-24 11:22:53.114764
1484|0|170|170.0|2024-05-24 11:23:00.564992
1485|1|113|113.0|2024-05-24 11:23:03.004541
1486|0|115|115.0|2024-05-24 11:23:09.726819
1487|1|176|176.0|2024-05-24 11:23:16.646159
1488|0|146|146.0|2024-05-24 11:23:21.027502
1489|1|152|152.0|2024-05-24 11:23:28.802514
1490|0|132|132.0|2024-05-24 11:23:31.762575
1491|1|144|144.0|2024-05-24 11:23:40.239031
1492|0|125|125.0|2024-05-24 11:23:41.539741
1493|0|120|120.0|2024-05-24 11:38:54.168674
1494|1|145|145.0|2024-05-24 11:38:55.025929
1495|1|91|91.0|2024-05-24 11:39:02.808904
1496|0|111|111.0|2024-05-24 11:39:03.714566
1497|1|133|133.0|2024-05-24 11:39:14.570272
1498|0|200|200.0|2024-05-24 11:39:20.797423
1499|1|168|168.0|2024-05-24 11:39:28.938394
1500|1|74|74.0|2024-05-24 11:39:35.824551
1501|0|183|183.0|2024-05-24 11:39:37.241684
1502|1|123|123.0|2024-05-24 11:39:46.426148
1503|0|135|135.0|2024-05-24 11:39:49.011814
1504|1|67|67.0|2024-05-24 11:39:52.385633
1505|0|149|149.0|2024-05-24 11:40:02.945989
1506|1|120|120.0|2024-05-24 11:40:03.682175
1507|1|91|91.0|2024-05-24 11:40:12.175802
1508|0|143|143.0|2024-05-24 11:55:24.646893
1509|1|129|129.0|2024-05-24 11:55:32.014437
1510|0|145|145.0|2024-05-24 11:55:36.785787
1511|1|122|122.0|2024-05-24 11:55:42.459801
1512|0|114|114.0|2024-05-24 11:55:47.105754
1513|1|127|127.0|2024-05-24 11:55:54.079531
1514|0|174|174.0|2024-05-24 11:56:03.096461
1515|1|124|124.0|2024-05-24 11:56:05.517917
1516|0|149|149.0|2024-05-24 11:56:16.158195
1517|1|150|150.0|2024-05-24 11:56:18.292598
1518|0|124|124.0|2024-05-24 11:56:27.154394
1519|1|106|106.0|2024-05-24 11:56:27.957062
1520|0|96|96.0|2024-05-24 11:56:35.798448
1521|1|144|144.0|2024-05-24 11:56:40.658608
1522|0|157|157.0|2024-05-24 11:56:49.518094
1523|1|125|125.0|2024-05-24 12:11:57.545278
1524|1|87|87.0|2024-05-24 12:12:04.810431
1525|0|137|137.0|2024-05-24 12:12:07.749081
1526|1|75|75.0|2024-05-24 12:12:11.905949
1527|0|82|82.0|2024-05-24 12:12:14.566772
1528|0|95|95.0|2024-05-24 12:12:22.278914
1529|1|129|129.0|2024-05-24 12:12:22.340261
1530|0|95|95.0|2024-05-24 12:12:30.557609
1531|1|97|97.0|2024-05-24 12:12:30.830594
1532|1|106|106.0|2024-05-24 12:12:40.303328
1533|0|114|114.0|2024-05-24 12:12:40.724579
1534|1|98|98.0|2024-05-24 12:12:49.801438
1535|0|104|104.0|2024-05-24 12:12:50.755577
1536|1|108|108.0|2024-05-24 12:13:00.130395
1537|0|122|122.0|2024-05-24 12:13:02.139381
1538|1|95|95.0|2024-05-24 12:13:08.140904
1539|0|119|119.0|2024-05-24 12:13:12.333121
1540|1|88|88.0|2024-05-24 12:13:15.533569
1541|0|98|98.0|2024-05-24 12:13:20.561661
1542|1|90|90.0|2024-05-24 12:13:23.138779
1543|0|178|178.0|2024-05-24 12:29:13.724647
1544|1|194|194.0|2024-05-24 12:29:18.153072
1545|0|130|130.0|2024-05-24 12:29:25.153383
1546|1|119|119.0|2024-05-24 12:29:28.109554
1547|0|145|145.0|2024-05-24 12:29:37.143902
1548|1|151|151.0|2024-05-24 12:29:40.453617
1549|0|175|175.0|2024-05-24 12:29:51.237631
1550|1|185|185.0|2024-05-24 12:29:56.325954
1551|0|173|173.0|2024-05-24 12:30:07.014346
1552|1|129|129.0|2024-05-24 12:30:07.631336
1553|0|121|121.0|2024-05-24 12:30:16.701852
1554|1|154|154.0|2024-05-24 12:30:20.274983
1555|0|162|162.0|2024-05-24 12:45:47.097404
1556|1|158|158.0|2024-05-24 12:45:49.927597
1557|0|200|200.0|2024-05-24 12:46:04.150032
1558|1|182|182.0|2024-05-24 12:46:05.671883
1559|0|107|107.0|2024-05-24 12:46:13.273785
1560|1|108|108.0|2024-05-24 12:46:15.072396
1561|1|100|100.0|2024-05-24 12:46:24.315583
1562|0|156|156.0|2024-05-24 12:46:27.635007
1563|1|132|132.0|2024-05-24 12:46:35.984243
1564|0|183|183.0|2024-05-24 12:46:43.400582
1565|1|115|115.0|2024-05-24 12:46:45.734453
1566|0|146|146.0|2024-05-24 12:46:55.693916
1567|1|133|133.0|2024-05-24 12:46:57.019564
1568|1|148|148.0|2024-05-24 13:02:27.683243
1569|0|185|185.0|2024-05-24 13:02:29.685700
1570|0|155|155.0|2024-05-24 13:02:42.417512
1571|1|194|194.0|2024-05-24 13:02:43.994249
1572|1|158|158.0|2024-05-24 13:02:58.111794
1573|0|190|190.0|2024-05-24 13:02:59.523705
1574|0|140|140.0|2024-05-24 13:03:10.868357
1575|1|173|173.0|2024-05-24 13:03:13.489119
1576|0|135|135.0|2024-05-24 13:03:22.708725
1577|1|149|149.0|2024-05-24 13:03:25.506307
1578|0|138|138.0|2024-05-24 13:03:34.437799
1579|1|121|121.0|2024-05-24 13:03:35.637034
1580|0|179|179.0|2024-05-24 13:03:49.746791
1581|1|200|200.0|2024-05-24 13:19:26.071633
1582|1|119|119.0|2024-05-24 13:19:36.391155
1583|0|200|200.0|2024-05-24 13:19:40.144993
1584|1|131|131.0|2024-05-24 13:19:47.760814
1585|0|200|200.0|2024-05-24 13:19:57.912339
1586|1|149|149.0|2024-05-24 13:20:00.956992
1587|0|151|151.0|2024-05-24 13:20:11.228296
1588|1|190|190.0|2024-05-24 13:20:17.177940
1589|0|155|155.0|2024-05-24 13:20:23.689971
1590|1|127|127.0|2024-05-24 13:20:27.381791
1591|0|136|136.0|2024-05-24 13:20:34.993419
1592|1|120|120.0|2024-05-24 13:20:37.287766
1593|0|173|173.0|2024-05-24 13:35:51.653890
1594|1|143|143.0|2024-05-24 13:35:51.662706
1595|1|111|111.0|2024-05-24 13:36:01.844607
1596|0|135|135.0|2024-05-24 13:36:04.074938
1597|1|125|125.0|2024-05-24 13:36:13.009484
1598|0|143|143.0|2024-05-24 13:36:17.127471
1599|1|110|110.0|2024-05-24 13:36:23.319574
1600|0|106|106.0|2024-05-24 13:36:27.463149
1601|1|126|126.0|2024-05-24 13:36:35.502200
1602|0|113|113.0|2024-05-24 13:36:37.719397
1603|1|111|111.0|2024-05-24 13:36:45.375397
1604|0|124|124.0|2024-05-24 13:36:48.996299
1605|1|117|117.0|2024-05-24 13:36:56.100790
1606|1|53|53.0|2024-05-24 13:37:01.062069
1607|0|134|134.0|2024-05-24 13:37:01.292675
1608|0|132|132.0|2024-05-24 13:37:14.165015
1609|1|157|157.0|2024-05-24 13:37:16.225219
1610|0|139|139.0|2024-05-24 13:52:42.373002
1611|1|151|151.0|2024-05-24 13:52:45.276242
1612|0|145|145.0|2024-05-24 13:52:54.322851
1613|1|200|200.0|2024-05-24 13:53:01.802565
1614|0|200|200.0|2024-05-24 13:53:10.826208
1615|1|194|194.0|2024-05-24 13:53:17.671739
1616|0|200|200.0|2024-05-24 13:53:27.451505
1617|1|177|177.0|2024-05-24 13:53:32.040220
1618|0|126|126.0|2024-05-24 13:53:37.103563
1619|1|177|177.0|2024-05-24 13:53:45.948410
1620|0|172|172.0|2024-05-24 13:53:51.041105
1621|1|144|144.0|2024-05-24 13:53:58.611123
1622|0|200|200.0|2024-05-24 14:09:30.825646
1623|1|200|200.0|2024-05-24 14:09:38.221937
1624|0|200|200.0|2024-05-24 14:09:47.411781
1625|1|151|151.0|2024-05-24 14:09:50.635462
1626|1|142|142.0|2024-05-24 14:10:03.273370
1627|0|183|183.0|2024-05-24 14:10:03.771673
1628|0|161|161.0|2024-05-24 14:10:18.023986
1629|1|200|200.0|2024-05-24 14:10:21.157914
1630|0|160|160.0|2024-05-24 14:10:32.011591
1631|1|148|148.0|2024-05-24 14:10:33.535118
1632|0|157|157.0|2024-05-24 14:10:45.034855
1633|1|147|147.0|2024-05-24 14:10:46.156378
1634|0|175|175.0|2024-05-24 14:26:29.512439
1635|1|200|200.0|2024-05-24 14:26:32.391908
1636|1|160|160.0|2024-05-24 14:26:45.732880
1637|0|200|200.0|2024-05-24 14:26:46.030543
1638|1|165|165.0|2024-05-24 14:27:00.320861
1639|0|200|200.0|2024-05-24 14:27:03.473548
1640|1|200|200.0|2024-05-24 14:27:16.654218
1641|0|194|194.0|2024-05-24 14:27:19.691230
1642|1|191|191.0|2024-05-24 14:27:34.100264
1643|0|200|200.0|2024-05-24 14:27:38.135376
1644|1|172|172.0|2024-05-24 14:43:13.311723
1645|0|196|196.0|2024-05-24 14:43:18.938591
1646|1|200|200.0|2024-05-24 14:43:30.633970
1647|0|200|200.0|2024-05-24 14:43:35.921315
1648|1|200|200.0|2024-05-24 14:43:47.515037
1649|0|200|200.0|2024-05-24 14:43:53.361465
1650|1|200|200.0|2024-05-24 14:44:06.969807
1651|0|200|200.0|2024-05-24 14:44:13.228785
1652|1|200|200.0|2024-05-24 14:44:26.021088
1653|0|200|200.0|2024-05-24 14:44:32.129706
1654|1|189|189.0|2024-05-24 15:00:21.140394
1655|0|200|200.0|2024-05-24 15:00:28.281285
1656|1|172|172.0|2024-05-24 15:00:36.802676
1657|0|140|140.0|2024-05-24 15:00:40.218585
1658|0|153|153.0|2024-05-24 15:00:53.429454
1659|1|200|200.0|2024-05-24 15:00:53.595457
1660|0|113|113.0|2024-05-24 15:01:03.659966
1661|1|142|142.0|2024-05-24 15:01:06.245934
1662|0|160|160.0|2024-05-24 15:01:17.603730
1663|1|200|200.0|2024-05-24 15:01:24.047648
1664|0|126|126.0|2024-05-24 15:01:28.964963
1665|0|118|118.0|2024-05-24 15:01:38.499163
1666|1|173|173.0|2024-05-24 15:01:38.500252
1667|1|47|47.0|2024-05-24 15:16:58.306412
1668|0|99|99.0|2024-05-24 15:17:02.457327
1669|1|121|121.0|2024-05-24 15:17:08.419046
1670|0|100|100.0|2024-05-24 15:17:11.258149
1671|1|85|85.0|2024-05-24 15:17:16.091936
1672|0|56|56.0|2024-05-24 15:17:16.261979
1673|0|119|119.0|2024-05-24 15:17:25.789497
1674|1|125|125.0|2024-05-24 15:17:26.116023
1675|1|122|122.0|2024-05-24 15:17:36.173872
1676|0|163|163.0|2024-05-24 15:17:39.026922
1677|1|126|126.0|2024-05-24 15:17:46.973748
1678|0|119|119.0|2024-05-24 15:17:49.689028
1679|1|102|102.0|2024-05-24 15:17:56.307145
1680|0|138|138.0|2024-05-24 15:18:02.244683
1681|1|107|107.0|2024-05-24 15:18:05.911175
1682|0|146|146.0|2024-05-24 15:18:14.996605
1683|1|116|116.0|2024-05-24 15:18:15.934478
1684|1|150|150.0|2024-05-24 15:33:50.638547
1685|0|173|173.0|2024-05-24 15:33:51.604008
1686|1|187|187.0|2024-05-24 15:34:07.746123
1687|0|183|183.0|2024-05-24 15:34:08.455881
1688|1|200|200.0|2024-05-24 15:34:25.682852
1689|0|200|200.0|2024-05-24 15:34:26.510928
1690|1|144|144.0|2024-05-24 15:34:39.011244
1691|0|192|192.0|2024-05-24 15:34:43.597214
1692|1|160|160.0|2024-05-24 15:34:52.809288
1693|0|152|152.0|2024-05-24 15:34:56.694705
1694|1|200|200.0|2024-05-24 15:35:08.909068
1695|0|170|170.0|2024-05-24 15:35:10.544105
1696|1|181|181.0|2024-05-24 15:51:13.516057
1697|0|200|200.0|2024-05-24 15:51:16.768737
1698|1|183|183.0|2024-05-24 15:51:28.066630
1699|0|200|200.0|2024-05-24 15:51:32.725439
1700|1|198|198.0|2024-05-24 15:51:45.429197
1701|0|200|200.0|2024-05-24 15:51:50.198867
1702|1|200|200.0|2024-05-24 15:52:02.840361
1703|0|200|200.0|2024-05-24 15:52:08.297800
1704|1|200|200.0|2024-05-24 15:52:22.146170
1705|0|200|200.0|2024-05-24 15:52:27.561578
1706|1|200|200.0|2024-05-24 16:08:26.507922
1707|0|200|200.0|2024-05-24 16:08:31.149844
1708|1|200|200.0|2024-05-24 16:08:44.125739
1709|0|200|200.0|2024-05-24 16:08:49.348518
1710|1|200|200.0|2024-05-24 16:09:02.004402
1711|0|186|186.0|2024-05-24 16:09:05.319776
1712|1|177|177.0|2024-05-24 16:09:17.494240
1713|0|175|175.0|2024-05-24 16:09:21.675324
1714|1|154|154.0|2024-05-24 16:09:31.712769
1715|0|200|200.0|2024-05-24 16:09:38.795687
1716|1|193|193.0|2024-05-24 16:25:31.749435
1717|0|174|174.0|2024-05-24 16:25:37.437381
1718|0|127|127.0|2024-05-24 16:25:48.670066
1719|1|200|200.0|2024-05-24 16:25:49.101612
1720|1|192|192.0|2024-05-24 16:26:06.357703
1721|0|200|200.0|2024-05-24 16:26:06.605069
1722|0|153|153.0|2024-05-24 16:26:20.454874
1723|1|200|200.0|2024-05-24 16:26:24.622923
1724|0|181|181.0|2024-05-24 16:26:37.371207
1725|1|200|200.0|2024-05-24 16:26:43.837926
1726|1|47|47.0|2024-05-24 16:26:47.564774
1727|0|193|193.0|2024-05-24 16:26:54.320781
1728|1|200|200.0|2024-05-24 16:42:23.639252
1729|0|200|200.0|2024-05-24 16:42:30.378525
1730|1|185|185.0|2024-05-24 16:42:39.348041
1731|0|200|200.0|2024-05-24 16:42:47.968488
1732|1|147|147.0|2024-05-24 16:42:52.505208
1733|0|200|200.0|2024-05-24 16:43:06.073917
1734|1|200|200.0|2024-05-24 16:43:10.579616
1735|0|145|145.0|2024-05-24 16:43:19.165442
1736|1|184|184.0|2024-05-24 16:43:27.368225
1737|0|200|200.0|2024-05-24 16:43:37.606092
1738|1|200|200.0|2024-05-24 16:58:49.868057
1739|0|183|183.0|2024-05-24 16:58:57.705651
1740|1|158|158.0|2024-05-24 16:59:03.418095
1741|0|200|200.0|2024-05-24 16:59:15.916885
1742|1|160|160.0|2024-05-24 16:59:18.330036
1743|0|200|200.0|2024-05-24 16:59:34.523333
1744|1|200|200.0|2024-05-24 16:59:36.493344
1745|0|181|181.0|2024-05-24 16:59:49.998073
1746|1|200|200.0|2024-05-24 16:59:54.087839
1747|0|200|200.0|2024-05-24 17:00:07.403699
1748|1|196|196.0|2024-05-24 17:00:10.588600
1749|0|200|200.0|2024-05-24 17:15:43.223028
1750|1|186|186.0|2024-05-24 17:15:45.723920
1751|0|163|163.0|2024-05-24 17:15:57.648115
1752|1|189|189.0|2024-05-24 17:16:01.494367
1753|0|200|200.0|2024-05-24 17:16:13.339214
1754|1|182|182.0|2024-05-24 17:16:16.055745
1755|0|151|151.0|2024-05-24 17:16:25.169272
1756|1|200|200.0|2024-05-24 17:16:32.213073
1757|0|188|188.0|2024-05-24 17:16:41.789110
1758|1|200|200.0|2024-05-24 17:16:49.871540
1759|0|200|200.0|2024-05-24 17:32:18.607986
1760|1|200|200.0|2024-05-24 17:32:25.266521
1761|0|200|200.0|2024-05-24 17:32:34.266158
1762|1|200|200.0|2024-05-24 17:32:42.292228
1763|0|200|200.0|2024-05-24 17:32:51.609221
1764|1|200|200.0|2024-05-24 17:32:59.562187
1765|0|200|200.0|2024-05-24 17:33:08.423159
1766|1|200|200.0|2024-05-24 17:33:15.674699
1767|0|200|200.0|2024-05-24 17:33:24.306816
1768|1|166|166.0|2024-05-24 17:33:28.886003
1769|0|200|200.0|2024-05-24 17:48:59.661542
1770|1|200|200.0|2024-05-24 17:49:04.951863
1771|0|155|155.0|2024-05-24 17:49:13.669247
1772|1|175|175.0|2024-05-24 17:49:20.232868
1773|0|200|200.0|2024-05-24 17:49:29.700095
1774|1|146|146.0|2024-05-24 17:49:31.823846
1775|0|200|200.0|2024-05-24 17:49:46.689167
1776|1|200|200.0|2024-05-24 17:49:49.082561
1777|0|200|200.0|2024-05-24 17:50:05.134880
1778|1|200|200.0|2024-05-24 17:50:07.113605
1779|0|174|174.0|2024-05-24 17:50:20.352073
1780|1|200|200.0|2024-05-24 18:05:14.907193
1781|0|111|111.0|2024-05-24 18:05:20.605612
1782|1|173|173.0|2024-05-24 18:05:30.589911
1783|0|132|132.0|2024-05-24 18:05:32.167188
1784|1|104|104.0|2024-05-24 18:05:39.494746
1785|0|145|145.0|2024-05-24 18:05:44.788084
1786|1|146|146.0|2024-05-24 18:05:52.423973
1787|0|157|157.0|2024-05-24 18:05:57.986361
1788|1|125|125.0|2024-05-24 18:06:02.523868
1789|0|154|154.0|2024-05-24 18:06:11.425556
1790|1|141|141.0|2024-05-24 18:06:15.330671
1791|0|161|161.0|2024-05-24 18:06:25.642814
1792|1|169|169.0|2024-05-24 18:06:30.456387
1793|0|140|140.0|2024-05-24 18:06:38.108739
1794|1|149|149.0|2024-05-24 18:22:06.111816
1795|0|143|143.0|2024-05-24 18:22:13.627778
1796|1|126|126.0|2024-05-24 18:22:17.332051
1797|0|134|134.0|2024-05-24 18:22:25.284229
1798|1|152|152.0|2024-05-24 18:22:30.206529
1799|0|146|146.0|2024-05-24 18:22:36.926733
1800|1|142|142.0|2024-05-24 18:22:42.328673
1801|0|125|125.0|2024-05-24 18:22:48.523062
1802|1|198|198.0|2024-05-24 18:22:59.258361
1803|0|176|176.0|2024-05-24 18:23:03.002306
1804|1|147|147.0|2024-05-24 18:23:12.255223
1805|0|142|142.0|2024-05-24 18:23:15.935806
1806|1|186|186.0|2024-05-24 18:38:45.302204
1807|0|151|151.0|2024-05-24 18:38:45.954454
1808|0|126|126.0|2024-05-24 18:38:57.667978
1809|1|153|153.0|2024-05-24 18:38:59.231702
1810|0|111|111.0|2024-05-24 18:39:06.892612
1811|1|145|145.0|2024-05-24 18:39:11.759403
1812|0|127|127.0|2024-05-24 18:39:17.729336
1813|1|170|170.0|2024-05-24 18:39:25.446739
1814|0|133|133.0|2024-05-24 18:39:28.187318
1815|1|133|133.0|2024-05-24 18:39:36.494429
1816|0|176|176.0|2024-05-24 18:39:43.347217
1817|1|153|153.0|2024-05-24 18:39:50.019394
1818|0|132|132.0|2024-05-24 18:39:54.954404
1819|1|125|125.0|2024-05-24 18:40:01.046422
1820|0|159|159.0|2024-05-24 18:40:09.482335
1821|1|151|151.0|2024-05-24 18:55:23.160013
1822|0|142|142.0|2024-05-24 18:55:30.144574
1823|1|200|200.0|2024-05-24 18:55:41.068414
1824|0|200|200.0|2024-05-24 18:55:48.222134
1825|1|159|159.0|2024-05-24 18:55:55.187897
1826|0|200|200.0|2024-05-24 18:56:06.006937
1827|1|136|136.0|2024-05-24 18:56:07.181002
1828|0|177|177.0|2024-05-24 18:56:20.969828
1829|1|175|175.0|2024-05-24 18:56:21.763965
1830|1|138|138.0|2024-05-24 18:56:33.125777
1831|0|162|162.0|2024-05-24 18:56:34.398593
1832|0|147|147.0|2024-05-24 19:12:04.703952
1833|1|165|165.0|2024-05-24 19:12:05.051625
1834|0|176|176.0|2024-05-24 19:12:18.303989
1835|1|200|200.0|2024-05-24 19:12:20.356076
1836|0|145|145.0|2024-05-24 19:12:30.263676
1837|1|152|152.0|2024-05-24 19:12:33.556068
1838|0|159|159.0|2024-05-24 19:12:43.999195
1839|1|162|162.0|2024-05-24 19:12:47.868133
1840|0|167|167.0|2024-05-24 19:12:59.624445
1841|1|191|191.0|2024-05-24 19:13:05.306114
1842|0|200|200.0|2024-05-24 19:13:18.037753
1843|1|159|159.0|2024-05-24 19:13:20.037533
1844|0|161|161.0|2024-05-24 19:29:02.167729
1845|1|168|168.0|2024-05-24 19:29:04.840728
1846|0|133|133.0|2024-05-24 19:29:14.030325
1847|1|152|152.0|2024-05-24 19:29:18.041688
1848|0|130|130.0|2024-05-24 19:29:25.365785
1849|1|146|146.0|2024-05-24 19:29:31.130932
1850|0|139|139.0|2024-05-24 19:29:38.908461
1851|1|150|150.0|2024-05-24 19:29:45.922914
1852|0|154|154.0|2024-05-24 19:29:53.387583
1853|1|133|133.0|2024-05-24 19:29:58.263255
1854|0|151|151.0|2024-05-24 19:30:07.419047
1855|1|153|153.0|2024-05-24 19:30:12.298180
1856|0|90|90.0|2024-05-24 19:30:15.314311
1857|1|136|136.0|2024-05-24 19:30:23.774234
1858|0|107|107.0|2024-05-24 19:30:24.208307
1859|1|108|108.0|2024-05-24 19:45:15.547287
1860|0|127|127.0|2024-05-24 19:45:17.915250
1861|1|138|138.0|2024-05-24 19:45:27.980420
1862|0|160|160.0|2024-05-24 19:45:32.331643
1863|1|161|161.0|2024-05-24 19:45:42.107636
1864|0|132|132.0|2024-05-24 19:45:43.622477
1865|1|124|124.0|2024-05-24 19:45:53.131593
1866|0|131|131.0|2024-05-24 19:45:55.175639
1867|1|139|139.0|2024-05-24 19:46:04.586774
1868|0|153|153.0|2024-05-24 19:46:07.725963
1869|1|114|114.0|2024-05-24 19:46:14.145405
1870|0|164|164.0|2024-05-24 19:46:22.044628
1871|1|134|134.0|2024-05-24 19:46:25.556008
1872|0|169|169.0|2024-05-24 19:46:36.903275
1873|1|133|133.0|2024-05-24 19:46:37.701979
1874|0|142|142.0|2024-05-24 20:02:13.937287
1875|1|137|137.0|2024-05-24 20:02:14.679598
1876|0|120|120.0|2024-05-24 20:02:24.148884
1877|1|125|125.0|2024-05-24 20:02:24.761998
1878|0|125|125.0|2024-05-24 20:02:35.371412
1879|1|121|121.0|2024-05-24 20:02:35.864610
1880|1|144|144.0|2024-05-24 20:02:48.324854
1881|0|150|150.0|2024-05-24 20:02:48.434871
1882|0|114|114.0|2024-05-24 20:02:59.150952
1883|1|159|159.0|2024-05-24 20:03:03.029147
1884|0|126|126.0|2024-05-24 20:03:09.648260
1885|1|130|130.0|2024-05-24 20:03:13.333016
1886|0|142|142.0|2024-05-24 20:03:21.217451
1887|1|127|127.0|2024-05-24 20:03:23.780635
1888|1|105|105.0|2024-05-24 20:18:24.854391
1889|0|162|162.0|2024-05-24 20:18:26.940594
1890|1|145|145.0|2024-05-24 20:18:37.279867
1891|0|149|149.0|2024-05-24 20:18:39.721899
1892|1|142|142.0|2024-05-24 20:18:50.314783
1893|0|132|132.0|2024-05-24 20:18:52.105133
1894|0|119|119.0|2024-05-24 20:19:02.701476
1895|1|153|153.0|2024-05-24 20:19:04.452474
1896|0|122|122.0|2024-05-24 20:19:13.851229
1897|1|125|125.0|2024-05-24 20:19:15.600972
1898|1|119|119.0|2024-05-24 20:19:26.103956
1899|0|140|140.0|2024-05-24 20:19:26.395793
1900|0|132|132.0|2024-05-24 20:19:39.234534
1901|1|174|174.0|2024-05-24 20:19:42.827259
1902|0|125|125.0|2024-05-24 20:35:03.234879
1903|1|136|136.0|2024-05-24 20:35:07.618710
1904|0|144|144.0|2024-05-24 20:35:16.657024
1905|1|151|151.0|2024-05-24 20:35:21.595336
1906|0|129|129.0|2024-05-24 20:35:28.331114
1907|1|142|142.0|2024-05-24 20:35:35.295166
1908|0|148|148.0|2024-05-24 20:35:42.074136
1909|1|156|156.0|2024-05-24 20:35:48.879551
1910|0|111|111.0|2024-05-24 20:35:51.294060
1911|1|130|130.0|2024-05-24 20:35:59.467261
1912|0|121|121.0|2024-05-24 20:36:01.640382
1913|1|144|144.0|2024-05-24 20:36:11.855787
1914|0|147|147.0|2024-05-24 20:36:13.868199
1915|1|130|130.0|2024-05-24 20:36:22.426216
1916|0|142|142.0|2024-05-24 20:36:25.659517
1917|1|147|147.0|2024-05-24 20:51:26.586565
1918|0|122|122.0|2024-05-24 20:51:27.918783
1919|1|133|133.0|2024-05-24 20:51:37.194039
1920|0|153|153.0|2024-05-24 20:51:39.941990
1921|1|131|131.0|2024-05-24 20:51:48.747529
1922|0|126|126.0|2024-05-24 20:51:51.048057
1923|1|121|121.0|2024-05-24 20:51:59.311595
1924|0|130|130.0|2024-05-24 20:52:02.616287
1925|1|131|131.0|2024-05-24 20:52:10.942693
1926|0|146|146.0|2024-05-24 20:52:15.326198
1927|1|129|129.0|2024-05-24 20:52:21.671222
1928|0|137|137.0|2024-05-24 20:52:27.542787
1929|1|113|113.0|2024-05-24 20:52:32.259260
1930|0|123|123.0|2024-05-24 20:52:38.533656
1931|1|126|126.0|2024-05-24 20:52:43.891504
1932|0|115|115.0|2024-05-24 21:08:27.090406
1933|1|151|151.0|2024-05-24 21:08:35.825447
1934|0|125|125.0|2024-05-24 21:08:39.070090
1935|1|117|117.0|2024-05-24 21:08:46.697665
1936|0|134|134.0|2024-05-24 21:08:51.110322
1937|1|128|128.0|2024-05-24 21:08:57.344669
1938|0|151|151.0|2024-05-24 21:09:03.453637
1939|1|130|130.0|2024-05-24 21:09:08.711724
1940|0|151|151.0|2024-05-24 21:09:16.476561
1941|1|139|139.0|2024-05-24 21:09:20.451964
1942|0|153|153.0|2024-05-24 21:09:29.758493
1943|1|140|140.0|2024-05-24 21:09:32.637745
1944|0|141|141.0|2024-05-24 21:09:42.780411
1945|1|146|146.0|2024-05-24 21:09:46.259716
1946|0|159|159.0|2024-05-24 21:25:16.322832
1947|1|124|124.0|2024-05-24 21:25:16.581257
1948|1|142|142.0|2024-05-24 21:25:29.454993
1949|0|185|185.0|2024-05-24 21:25:33.557607
1950|1|145|145.0|2024-05-24 21:25:43.375819
1951|0|165|165.0|2024-05-24 21:25:48.726852
1952|1|154|154.0|2024-05-24 21:25:57.750682
1953|0|150|150.0|2024-05-24 21:26:02.561262
1954|1|137|137.0|2024-05-24 21:26:09.620212
1955|0|147|147.0|2024-05-24 21:26:15.993383
1956|1|147|147.0|2024-05-24 21:26:23.613598
1957|0|164|164.0|2024-05-24 21:26:31.553689
1958|1|162|162.0|2024-05-24 21:26:38.237740
1959|0|150|150.0|2024-05-24 21:42:02.312397
1960|1|143|143.0|2024-05-24 21:42:08.067882
1961|0|128|128.0|2024-05-24 21:42:12.598297
1962|1|117|117.0|2024-05-24 21:42:16.974248
1963|0|138|138.0|2024-05-24 21:42:23.085127
1964|1|151|151.0|2024-05-24 21:42:29.570656
1965|0|132|132.0|2024-05-24 21:42:34.408790
1966|1|184|184.0|2024-05-24 21:42:45.307781
1967|0|153|153.0|2024-05-24 21:42:47.686621
1968|1|138|138.0|2024-05-24 21:42:57.835830
1969|0|113|113.0|2024-05-24 21:42:58.054971
1970|1|125|125.0|2024-05-24 21:43:09.120549
1971|0|148|148.0|2024-05-24 21:43:11.396289
1972|0|126|126.0|2024-05-24 21:43:21.767602
1973|1|166|166.0|2024-05-24 21:43:22.878693
1974|1|150|150.0|2024-05-24 21:58:46.826667
1975|0|166|166.0|2024-05-24 21:58:47.581235
1976|1|148|148.0|2024-05-24 21:59:00.575634
1977|0|149|149.0|2024-05-24 21:59:00.778793
1978|0|128|128.0|2024-05-24 21:59:11.242746
1979|1|138|138.0|2024-05-24 21:59:11.950138
1980|0|133|133.0|2024-05-24 21:59:23.275272
1981|1|133|133.0|2024-05-24 21:59:24.001405
1982|0|128|128.0|2024-05-24 21:59:35.263292
1983|1|132|132.0|2024-05-24 21:59:36.322561
1984|0|140|140.0|2024-05-24 21:59:47.481961
1985|1|168|168.0|2024-05-24 21:59:50.395835
1986|0|162|162.0|2024-05-24 22:00:00.200409
1987|1|146|146.0|2024-05-24 22:00:02.128340
1988|0|147|147.0|2024-05-24 22:16:05.293556
1989|1|132|132.0|2024-05-24 22:16:06.050175
1990|0|152|152.0|2024-05-24 22:16:19.341114
1991|1|171|171.0|2024-05-24 22:16:22.025902
1992|0|159|159.0|2024-05-24 22:16:34.290092
1993|1|152|152.0|2024-05-24 22:16:36.116427
1994|0|135|135.0|2024-05-24 22:16:46.718801
1995|1|171|171.0|2024-05-24 22:16:52.164341
1996|0|68|68.0|2024-05-24 22:16:53.284571
1997|1|132|132.0|2024-05-24 22:17:03.793535
1998|0|168|168.0|2024-05-24 22:17:07.946580
1999|1|185|185.0|2024-05-24 22:17:20.189427
2000|0|159|159.0|2024-05-24 22:17:23.011771
2001|1|179|179.0|2024-05-24 22:33:17.741088
2002|0|161|161.0|2024-05-24 22:33:18.211684
2003|0|178|178.0|2024-05-24 22:33:35.088678
2004|1|199|199.0|2024-05-24 22:33:36.571925
2005|1|168|168.0|2024-05-24 22:33:50.429599
2006|0|192|192.0|2024-05-24 22:33:50.927862
2007|1|147|147.0|2024-05-24 22:34:01.854987
2008|0|195|195.0|2024-05-24 22:34:06.565239
2009|1|194|194.0|2024-05-24 22:34:18.192172
2010|0|178|178.0|2024-05-24 22:34:21.771672
2011|1|181|181.0|2024-05-24 22:50:01.971700
2012|0|175|175.0|2024-05-24 22:50:04.644126
2013|1|200|200.0|2024-05-24 22:50:18.870594
2014|0|200|200.0|2024-05-24 22:50:22.097119
2015|0|142|142.0|2024-05-24 22:50:35.430113
2016|1|200|200.0|2024-05-24 22:50:37.641457
2017|0|174|174.0|2024-05-24 22:50:51.532113
2018|1|200|200.0|2024-05-24 22:50:56.138073
2019|0|200|200.0|2024-05-24 22:51:09.603472
2020|1|200|200.0|2024-05-24 22:51:14.513730
2021|0|192|192.0|2024-05-24 22:51:25.753845
2022|1|200|200.0|2024-05-24 23:06:08.607767
2023|0|200|200.0|2024-05-24 23:06:20.751909
2024|1|200|200.0|2024-05-24 23:06:25.752759
2025|0|181|181.0|2024-05-24 23:06:36.993358
2026|1|200|200.0|2024-05-24 23:06:43.639035
2027|0|200|200.0|2024-05-24 23:06:54.571910
2028|1|180|180.0|2024-05-24 23:06:59.775602
2029|0|200|200.0|2024-05-24 23:07:12.171688
2030|1|200|200.0|2024-05-24 23:07:17.594531
2031|0|200|200.0|2024-05-24 23:07:30.916927
2032|0|16|16.0|2024-05-24 23:07:32.252935
2033|1|200|200.0|2024-05-24 23:22:16.153229
2034|0|200|200.0|2024-05-24 23:22:29.768671
2035|1|200|200.0|2024-05-24 23:22:33.394555
2036|0|200|200.0|2024-05-24 23:22:48.084515
2037|1|159|159.0|2024-05-24 23:22:48.304723
2038|0|200|200.0|2024-05-24 23:23:07.195386
2039|1|200|200.0|2024-05-24 23:23:07.283432
2040|0|200|200.0|2024-05-24 23:23:23.946801
2041|1|200|200.0|2024-05-24 23:23:24.023987
2042|0|200|200.0|2024-05-24 23:23:41.272451
2043|1|200|200.0|2024-05-24 23:23:41.356652
2044|0|200|200.0|2024-05-24 23:38:36.890339
2045|1|200|200.0|2024-05-24 23:38:36.968823
2046|0|200|200.0|2024-05-24 23:38:53.630858
2047|1|200|200.0|2024-05-24 23:38:53.766839
2048|1|191|191.0|2024-05-24 23:39:10.524478
2049|0|200|200.0|2024-05-24 23:39:11.093726
2050|1|200|200.0|2024-05-24 23:39:28.553435
2051|0|200|200.0|2024-05-24 23:39:29.243193
2052|0|148|148.0|2024-05-24 23:39:41.595250
2053|1|200|200.0|2024-05-24 23:39:45.163124
2054|0|200|200.0|2024-05-24 23:55:21.872228
2055|1|200|200.0|2024-05-24 23:55:25.954108
2056|0|200|200.0|2024-05-24 23:55:39.714489
2057|1|200|200.0|2024-05-24 23:55:43.696773
2058|0|200|200.0|2024-05-24 23:55:57.520299
2059|1|200|200.0|2024-05-24 23:56:01.706180
2060|0|196|196.0|2024-05-24 23:56:15.535529
2061|1|200|200.0|2024-05-24 23:56:20.043559
2062|0|191|191.0|2024-05-24 23:56:32.659090
2063|1|200|200.0|2024-05-24 23:56:37.610423
2064|0|183|183.0|2024-05-25 00:12:07.309474
2065|1|200|200.0|2024-05-25 00:12:13.710807
2066|0|200|200.0|2024-05-25 00:12:24.926755
2067|1|169|169.0|2024-05-25 00:12:28.998888
2068|0|200|200.0|2024-05-25 00:12:43.348276
2069|1|200|200.0|2024-05-25 00:12:47.206446
2070|0|200|200.0|2024-05-25 00:13:00.086393
2071|1|200|200.0|2024-05-25 00:13:04.018461
2072|0|200|200.0|2024-05-25 00:13:18.132935
2073|1|200|200.0|2024-05-25 00:13:21.720573
2074|0|200|200.0|2024-05-25 00:28:29.506417
2075|1|159|159.0|2024-05-25 00:28:29.871228
2076|0|200|200.0|2024-05-25 00:28:46.063802
2077|1|200|200.0|2024-05-25 00:28:46.216858
2078|0|200|200.0|2024-05-25 00:29:03.157800
2079|1|200|200.0|2024-05-25 00:29:03.301684
2080|0|200|200.0|2024-05-25 00:29:21.350620
2081|1|200|200.0|2024-05-25 00:29:21.499260
2082|1|146|146.0|2024-05-25 00:29:34.803394
2083|0|200|200.0|2024-05-25 00:29:39.365398
2084|1|200|200.0|2024-05-25 00:44:47.349147
2085|0|199|199.0|2024-05-25 00:44:51.710234
2086|1|186|186.0|2024-05-25 00:45:04.563772
2087|0|182|182.0|2024-05-25 00:45:08.678760
2088|1|200|200.0|2024-05-25 00:45:22.975599
2089|0|200|200.0|2024-05-25 00:45:27.233500
2090|1|200|200.0|2024-05-25 00:45:40.735087
2091|1|16|16.0|2024-05-25 00:45:42.408165
2092|0|200|200.0|2024-05-25 00:45:45.574899
2093|1|200|200.0|2024-05-25 00:46:00.421204
2094|0|200|200.0|2024-05-25 00:46:03.329257
2095|1|200|200.0|2024-05-25 01:01:56.457722
2096|0|173|173.0|2024-05-25 01:01:56.815814
2097|1|200|200.0|2024-05-25 01:02:12.019212
2098|0|200|200.0|2024-05-25 01:02:12.359618
2099|1|200|200.0|2024-05-25 01:02:29.493673
2100|0|200|200.0|2024-05-25 01:02:30.352298
2101|0|118|118.0|2024-05-25 01:02:41.334571
2102|1|200|200.0|2024-05-25 01:02:48.758313
2103|0|200|200.0|2024-05-25 01:02:59.717428
2104|1|200|200.0|2024-05-25 01:03:06.196987
2105|0|200|200.0|2024-05-25 01:17:57.956036
2106|1|200|200.0|2024-05-25 01:18:04.227821
2107|0|200|200.0|2024-05-25 01:18:15.441341
2108|1|200|200.0|2024-05-25 01:18:22.417545
2109|0|200|200.0|2024-05-25 01:18:33.576041
2110|1|191|191.0|2024-05-25 01:18:40.034956
2111|0|200|200.0|2024-05-25 01:18:51.270319
2112|1|200|200.0|2024-05-25 01:18:57.396085
2113|0|190|190.0|2024-05-25 01:19:07.882749
2114|1|200|200.0|2024-05-25 01:19:14.887044
2115|0|200|200.0|2024-05-25 01:34:16.543092
2116|1|200|200.0|2024-05-25 01:34:23.342549
2117|0|200|200.0|2024-05-25 01:34:33.590810
2118|1|198|198.0|2024-05-25 01:34:40.149768
2119|0|186|186.0|2024-05-25 01:34:49.854417
2120|1|200|200.0|2024-05-25 01:34:58.193639
2121|0|174|174.0|2024-05-25 01:35:05.688402
2122|1|200|200.0|2024-05-25 01:35:16.772000
2123|0|200|200.0|2024-05-25 01:35:24.190870
2124|1|200|200.0|2024-05-25 01:35:35.278436
2125|0|200|200.0|2024-05-25 01:35:43.440185
2126|1|136|136.0|2024-05-25 01:51:29.622065
2127|1|126|126.0|2024-05-25 01:51:40.592781
2128|0|183|183.0|2024-05-25 01:51:40.964538
2129|0|153|153.0|2024-05-25 01:51:54.669699
2130|1|200|200.0|2024-05-25 01:51:58.052747
2131|0|200|200.0|2024-05-25 01:52:10.446279
2132|1|191|191.0|2024-05-25 01:52:13.223720
2133|0|134|134.0|2024-05-25 01:52:22.726331
2134|1|200|200.0|2024-05-25 01:52:31.810395
2135|0|200|200.0|2024-05-25 01:52:40.342167
2136|1|200|200.0|2024-05-25 01:52:49.575341
2137|0|183|183.0|2024-05-25 02:08:00.401994
2138|1|197|197.0|2024-05-25 02:08:10.204689
2139|0|200|200.0|2024-05-25 02:08:17.824715
2140|1|193|193.0|2024-05-25 02:08:27.767970
2141|0|200|200.0|2024-05-25 02:08:35.895707
2142|1|191|191.0|2024-05-25 02:08:43.499928
2143|0|121|121.0|2024-05-25 02:08:45.520936
2144|1|188|188.0|2024-05-25 02:08:58.455960
2145|0|200|200.0|2024-05-25 02:09:01.538818
2146|0|92|92.0|2024-05-25 02:09:09.944297
2147|1|194|194.0|2024-05-25 02:09:16.090338
2148|0|200|200.0|2024-05-25 02:25:00.337885
2149|1|200|200.0|2024-05-25 02:25:05.889694
2150|0|170|170.0|2024-05-25 02:25:16.121318
2151|1|200|200.0|2024-05-25 02:25:24.748102
2152|0|200|200.0|2024-05-25 02:25:33.416222
2153|1|172|172.0|2024-05-25 02:25:39.377874
2154|0|200|200.0|2024-05-25 02:25:50.216322
2155|1|200|200.0|2024-05-25 02:25:55.538695
2156|0|200|200.0|2024-05-25 02:26:07.430797
2157|1|200|200.0|2024-05-25 02:26:14.001159
2158|0|190|190.0|2024-05-25 02:41:45.499811
2159|1|200|200.0|2024-05-25 02:41:52.677754
2160|0|200|200.0|2024-05-25 02:42:02.911948
2161|1|200|200.0|2024-05-25 02:42:09.294885
2162|0|200|200.0|2024-05-25 02:42:19.119147
2163|1|200|200.0|2024-05-25 02:42:25.827672
2164|0|200|200.0|2024-05-25 02:42:36.238636
2165|1|174|174.0|2024-05-25 02:42:41.033347
2166|0|171|171.0|2024-05-25 02:42:51.687402
2167|1|200|200.0|2024-05-25 02:42:58.868710
2168|0|200|200.0|2024-05-25 02:57:55.559631
2169|1|200|200.0|2024-05-25 02:58:03.550219
2170|0|200|200.0|2024-05-25 02:58:13.875724
2171|1|200|200.0|2024-05-25 02:58:20.578667
2172|0|200|200.0|2024-05-25 02:58:31.655517
2173|1|200|200.0|2024-05-25 02:58:39.006889
2174|0|200|200.0|2024-05-25 02:58:49.436686
2175|1|200|200.0|2024-05-25 02:58:57.783490
2176|0|200|200.0|2024-05-25 02:59:09.154036
2177|1|200|200.0|2024-05-25 02:59:16.537249
2178|0|200|200.0|2024-05-25 03:14:59.510884
2179|1|200|200.0|2024-05-25 03:15:06.342900
2180|0|200|200.0|2024-05-25 03:15:15.994543
2181|1|198|198.0|2024-05-25 03:15:22.996211
2182|0|200|200.0|2024-05-25 03:15:33.513985
2183|1|200|200.0|2024-05-25 03:15:40.318064
2184|0|200|200.0|2024-05-25 03:15:50.443546
2185|1|200|200.0|2024-05-25 03:15:57.681071
2186|0|200|200.0|2024-05-25 03:16:08.967017
2187|1|200|200.0|2024-05-25 03:16:16.387235
2188|0|188|188.0|2024-05-25 03:31:16.102238
2189|1|200|200.0|2024-05-25 03:31:23.398973
2190|0|137|137.0|2024-05-25 03:31:27.062518
2191|1|200|200.0|2024-05-25 03:31:39.181583
2192|0|200|200.0|2024-05-25 03:31:43.090851
2193|1|200|200.0|2024-05-25 03:31:56.348488
2194|0|200|200.0|2024-05-25 03:31:59.921794
2195|1|200|200.0|2024-05-25 03:32:12.580714
2196|0|180|180.0|2024-05-25 03:32:14.631526
2197|1|200|200.0|2024-05-25 03:32:30.619397
2198|0|200|200.0|2024-05-25 03:32:32.635907
2199|1|200|200.0|2024-05-25 03:48:10.991328
2200|0|200|200.0|2024-05-25 03:48:13.859860
2201|1|200|200.0|2024-05-25 03:48:29.913342
2202|0|200|200.0|2024-05-25 03:48:32.235385
2203|1|200|200.0|2024-05-25 03:48:46.625714
2204|0|179|179.0|2024-05-25 03:48:46.945148
2205|1|200|200.0|2024-05-25 03:49:05.827292
2206|0|200|200.0|2024-05-25 03:49:06.135853
2207|1|142|142.0|2024-05-25 03:49:18.472887
2208|0|161|161.0|2024-05-25 03:49:20.416962
2209|1|200|200.0|2024-05-25 04:04:25.761198
2210|0|200|200.0|2024-05-25 04:04:27.730040
2211|1|200|200.0|2024-05-25 04:04:41.685576
2212|0|200|200.0|2024-05-25 04:04:43.486543
2213|1|199|199.0|2024-05-25 04:04:57.786357
2214|0|200|200.0|2024-05-25 04:04:59.684483
2215|1|197|197.0|2024-05-25 04:05:13.497931
2216|0|200|200.0|2024-05-25 04:05:15.686583
2217|1|200|200.0|2024-05-25 04:05:28.303181
2218|0|200|200.0|2024-05-25 04:05:30.135494
2219|1|200|200.0|2024-05-25 04:20:49.189219
2220|0|200|200.0|2024-05-25 04:20:51.381154
2221|1|200|200.0|2024-05-25 04:21:06.207332
2222|0|200|200.0|2024-05-25 04:21:08.768952
2223|1|172|172.0|2024-05-25 04:21:21.071672
2224|0|186|186.0|2024-05-25 04:21:24.558067
2225|1|200|200.0|2024-05-25 04:21:39.118999
2226|0|200|200.0|2024-05-25 04:21:42.241151
2227|0|140|140.0|2024-05-25 04:21:54.985941
2228|1|200|200.0|2024-05-25 04:21:56.640409
2229|0|200|200.0|2024-05-25 04:37:18.520255
2230|1|200|200.0|2024-05-25 04:37:20.333936
2231|0|146|146.0|2024-05-25 04:37:31.650304
2232|1|200|200.0|2024-05-25 04:37:38.242588
2233|0|153|153.0|2024-05-25 04:37:45.748779
2234|1|200|200.0|2024-05-25 04:37:56.151467
2235|0|166|166.0|2024-05-25 04:38:00.145131
2236|1|200|200.0|2024-05-25 04:38:14.049618
2237|0|200|200.0|2024-05-25 04:38:18.253179
2238|0|42|42.0|2024-05-25 04:38:22.073460
2239|1|200|200.0|2024-05-25 04:38:32.364444
2240|0|200|200.0|2024-05-25 04:38:39.942741
2241|1|174|174.0|2024-05-25 04:53:48.504737
2242|0|200|200.0|2024-05-25 04:53:58.792169
2243|1|136|136.0|2024-05-25 04:54:00.790451
2244|0|112|112.0|2024-05-25 04:54:09.254296
2245|1|188|188.0|2024-05-25 04:54:18.512519
2246|0|200|200.0|2024-05-25 04:54:27.017187
2247|1|200|200.0|2024-05-25 04:54:34.526237
2248|0|182|182.0|2024-05-25 04:54:41.445077
2249|1|155|155.0|2024-05-25 04:54:48.195593
2250|0|172|172.0|2024-05-25 04:54:57.567146
2251|1|189|189.0|2024-05-25 04:55:04.852638
2252|0|97|97.0|2024-05-25 04:55:05.758107
2253|0|130|130.0|2024-05-25 05:10:03.812176
2254|1|183|183.0|2024-05-25 05:10:07.656449
2255|0|96|96.0|2024-05-25 05:10:12.507978
2256|0|64|64.0|2024-05-25 05:10:18.197924
2257|1|140|140.0|2024-05-25 05:10:20.248628
2258|1|123|123.0|2024-05-25 05:10:30.578172
2259|0|149|149.0|2024-05-25 05:10:30.753241
2260|1|38|38.0|2024-05-25 05:10:34.236564
2261|0|140|140.0|2024-05-25 05:10:43.910038
2262|1|128|128.0|2024-05-25 05:10:46.091300
2263|0|108|108.0|2024-05-25 05:10:53.188646
2264|1|144|144.0|2024-05-25 05:10:58.245834
2265|0|132|132.0|2024-05-25 05:11:04.488415
2266|1|170|170.0|2024-05-25 05:11:12.493819
2267|0|107|107.0|2024-05-25 05:11:13.161647
2268|1|114|114.0|2024-05-25 05:11:22.163379
2269|0|162|162.0|2024-05-25 05:26:32.695148
2270|1|135|135.0|2024-05-25 05:26:39.355090
2271|0|150|150.0|2024-05-25 05:26:46.119657
2272|1|132|132.0|2024-05-25 05:26:51.724555
2273|0|156|156.0|2024-05-25 05:27:00.941951
2274|1|147|147.0|2024-05-25 05:27:05.891384
2275|0|152|152.0|2024-05-25 05:27:16.727021
2276|1|187|187.0|2024-05-25 05:27:24.327636
2277|0|141|141.0|2024-05-25 05:27:28.898287
2278|1|139|139.0|2024-05-25 05:27:35.886520
2279|0|152|152.0|2024-05-25 05:27:42.166178
2280|1|200|200.0|2024-05-25 05:27:53.726575
2281|0|162|162.0|2024-05-25 05:27:56.183945
2282|1|180|180.0|2024-05-25 05:43:02.313525
2283|0|200|200.0|2024-05-25 05:43:07.245989
2284|1|158|158.0|2024-05-25 05:43:17.342182
2285|0|200|200.0|2024-05-25 05:43:25.118927
2286|1|200|200.0|2024-05-25 05:43:34.128963
2287|0|200|200.0|2024-05-25 05:43:41.879062
2288|1|200|200.0|2024-05-25 05:43:50.336318
2289|0|200|200.0|2024-05-25 05:43:57.635916
2290|1|200|200.0|2024-05-25 05:44:06.265536
2291|0|200|200.0|2024-05-25 05:44:13.945027
2292|1|200|200.0|2024-05-25 05:59:24.818193
2293|0|200|200.0|2024-05-25 05:59:32.171899
2294|1|141|141.0|2024-05-25 05:59:36.192096
2295|0|139|139.0|2024-05-25 05:59:43.489000
2296|1|200|200.0|2024-05-25 05:59:52.281847
2297|0|200|200.0|2024-05-25 05:59:59.544814
2298|1|200|200.0|2024-05-25 06:00:08.301650
2299|0|141|141.0|2024-05-25 06:00:10.712700
2300|1|188|188.0|2024-05-25 06:00:24.448380
2301|0|191|191.0|2024-05-25 06:00:27.679609
2302|0|164|164.0|2024-05-25 06:00:42.454898
2303|1|200|200.0|2024-05-25 06:00:42.732811
2304|1|153|153.0|2024-05-25 06:15:15.585747
2305|0|200|200.0|2024-05-25 06:15:19.808106
2306|1|145|145.0|2024-05-25 06:15:28.483794
2307|0|153|153.0|2024-05-25 06:15:33.111687
2308|1|156|156.0|2024-05-25 06:15:41.077611
2309|0|124|124.0|2024-05-25 06:15:43.081606
2310|0|154|154.0|2024-05-25 06:15:56.887833
2311|1|188|188.0|2024-05-25 06:15:58.004065
2312|0|200|200.0|2024-05-25 06:16:14.418358
2313|1|200|200.0|2024-05-25 06:16:15.439692
2314|0|173|173.0|2024-05-25 06:16:28.091377
2315|1|188|188.0|2024-05-25 06:30:54.695319
2316|0|200|200.0|2024-05-25 06:31:09.586414
2317|1|178|178.0|2024-05-25 06:31:10.148648
2318|1|154|154.0|2024-05-25 06:31:23.897083
2319|0|185|185.0|2024-05-25 06:31:26.069511
2320|1|177|177.0|2024-05-25 06:31:39.440573
2321|0|177|177.0|2024-05-25 06:31:41.618002
2322|1|163|163.0|2024-05-25 06:31:53.743981
2323|0|200|200.0|2024-05-25 06:31:59.580163
2324|1|200|200.0|2024-05-25 06:32:11.837071
2325|0|173|173.0|2024-05-25 06:32:15.886356
2326|1|168|168.0|2024-05-25 06:46:59.953489
2327|0|188|188.0|2024-05-25 06:47:04.864581
2328|1|200|200.0|2024-05-25 06:47:16.863724
2329|0|200|200.0|2024-05-25 06:47:21.226678
2330|1|200|200.0|2024-05-25 06:47:32.938119
2331|0|200|200.0|2024-05-25 06:47:37.455017
2332|1|194|194.0|2024-05-25 06:47:48.438497
2333|0|176|176.0|2024-05-25 06:47:51.434969
2334|1|200|200.0|2024-05-25 06:48:04.882516
2335|0|200|200.0|2024-05-25 06:48:07.825711
2336|1|199|199.0|2024-05-25 07:03:22.286442
2337|0|200|200.0|2024-05-25 07:03:25.508115
2338|0|123|123.0|2024-05-25 07:03:36.133486
2339|1|179|179.0|2024-05-25 07:03:37.687903
2340|0|160|160.0|2024-05-25 07:03:49.454458
2341|1|144|144.0|2024-05-25 07:03:49.685005
2342|1|148|148.0|2024-05-25 07:04:02.010232
2343|0|190|190.0|2024-05-25 07:04:05.247602
2344|1|174|174.0|2024-05-25 07:04:15.909181
2345|0|200|200.0|2024-05-25 07:04:20.983553
2346|1|136|136.0|2024-05-25 07:04:26.406586
2347|0|142|142.0|2024-05-25 07:04:31.750066
2348|1|177|177.0|2024-05-25 07:19:08.528732
2349|0|135|135.0|2024-05-25 07:19:10.963334
2350|1|113|113.0|2024-05-25 07:19:17.893177
2351|0|91|91.0|2024-05-25 07:19:18.604238
2352|0|140|140.0|2024-05-25 07:19:30.400784
2353|1|157|157.0|2024-05-25 07:19:31.226716
2354|0|159|159.0|2024-05-25 07:19:43.675470
2355|1|176|176.0|2024-05-25 07:19:45.887032
2356|0|136|136.0|2024-05-25 07:19:54.508276
2357|1|130|130.0|2024-05-25 07:19:56.223163
2358|0|154|154.0|2024-05-25 07:20:07.073243
2359|1|148|148.0|2024-05-25 07:20:08.183335
2360|0|141|141.0|2024-05-25 07:20:18.386520
2361|1|167|167.0|2024-05-25 07:20:21.807534
2362|0|151|151.0|2024-05-25 07:35:18.046122
2363|1|141|141.0|2024-05-25 07:35:20.866510
2364|1|140|140.0|2024-05-25 07:35:32.585182
2365|0|178|178.0|2024-05-25 07:35:33.235923
2366|1|140|140.0|2024-05-25 07:35:44.003150
2367|0|187|187.0|2024-05-25 07:35:48.608135
2368|1|152|152.0|2024-05-25 07:35:56.946797
2369|0|110|110.0|2024-05-25 07:35:58.128614
2370|0|116|116.0|2024-05-25 07:36:07.610878
2371|1|149|149.0|2024-05-25 07:36:09.282381
2372|0|118|118.0|2024-05-25 07:36:18.158209
2373|1|120|120.0|2024-05-25 07:36:19.752968
2374|0|135|135.0|2024-05-25 07:36:29.390637
2375|1|200|200.0|2024-05-25 07:36:36.761841
2376|0|126|126.0|2024-05-25 07:52:15.520505
2377|1|97|97.0|2024-05-25 07:52:20.696826
2378|0|142|142.0|2024-05-25 07:52:28.036414
2379|1|147|147.0|2024-05-25 07:52:34.064253
2380|0|121|121.0|2024-05-25 07:52:38.832033
2381|1|147|147.0|2024-05-25 07:52:46.176708
2382|0|117|117.0|2024-05-25 07:52:48.596184
2383|1|130|130.0|2024-05-25 07:52:57.694521
2384|0|157|157.0|2024-05-25 07:53:02.751919
2385|1|161|161.0|2024-05-25 07:53:11.720498
2386|0|138|138.0|2024-05-25 07:53:14.666798
2387|0|34|34.0|2024-05-25 07:53:17.605659
2388|1|152|152.0|2024-05-25 07:53:24.914913
2389|0|108|108.0|2024-05-25 07:53:26.917320
2390|1|116|116.0|2024-05-25 07:53:34.841546
2391|0|150|150.0|2024-05-25 08:08:07.543782
2392|1|112|112.0|2024-05-25 08:08:12.461243
2393|0|97|97.0|2024-05-25 08:08:16.112049
2394|1|109|109.0|2024-05-25 08:08:21.765765
2395|1|25|25.0|2024-05-25 08:08:23.742906
2396|0|104|104.0|2024-05-25 08:08:24.652044
2397|0|122|122.0|2024-05-25 08:08:34.427319
2398|1|135|135.0|2024-05-25 08:08:34.601721
2399|1|46|46.0|2024-05-25 08:08:38.645357
2400|0|59|59.0|2024-05-25 08:08:40.549588
2401|0|35|35.0|2024-05-25 08:08:43.651154
2402|1|51|51.0|2024-05-25 08:08:44.028141
2403|0|32|32.0|2024-05-25 08:08:46.169794
2404|0|57|57.0|2024-05-25 08:08:51.277340
2405|1|104|104.0|2024-05-25 08:08:53.109019
2406|1|81|81.0|2024-05-25 08:09:00.183937
2407|0|117|117.0|2024-05-25 08:09:01.883676
2408|1|23|23.0|2024-05-25 08:09:02.518120
2409|1|80|80.0|2024-05-25 08:09:09.677885
2410|0|130|130.0|2024-05-25 08:09:13.104524
2411|1|109|109.0|2024-05-25 08:09:18.390511
2412|0|98|98.0|2024-05-25 08:09:20.719326
2413|1|118|118.0|2024-05-25 08:09:27.625588
2414|0|111|111.0|2024-05-25 08:09:29.834330
2415|1|124|124.0|2024-05-25 08:24:20.378655
2416|0|108|108.0|2024-05-25 08:24:21.174840
2417|1|55|55.0|2024-05-25 08:24:24.975668
2418|0|123|123.0|2024-05-25 08:24:31.558237
2419|1|111|111.0|2024-05-25 08:24:34.381165
2420|0|106|106.0|2024-05-25 08:24:40.570946
2421|1|121|121.0|2024-05-25 08:24:44.633249
2422|0|94|94.0|2024-05-25 08:24:48.364043
2423|1|101|101.0|2024-05-25 08:24:53.647930
2424|0|106|106.0|2024-05-25 08:24:58.375394
2425|0|52|52.0|2024-05-25 08:25:03.318817
2426|1|126|126.0|2024-05-25 08:25:05.343421
2427|0|119|119.0|2024-05-25 08:25:13.855487
2428|1|135|135.0|2024-05-25 08:25:17.728562
2429|1|103|103.0|2024-05-25 08:25:26.721996
2430|0|149|149.0|2024-05-25 08:25:27.218534
2431|1|116|116.0|2024-05-25 08:25:36.638944
2432|0|124|124.0|2024-05-25 08:25:37.969825
2433|1|113|113.0|2024-05-25 08:40:08.305271
2434|0|109|109.0|2024-05-25 08:40:09.119824
2435|1|104|104.0|2024-05-25 08:40:17.008669
2436|0|113|113.0|2024-05-25 08:40:18.697057
2437|1|130|130.0|2024-05-25 08:40:28.130605
2438|0|129|129.0|2024-05-25 08:40:29.510437
2439|1|112|112.0|2024-05-25 08:40:38.291625
2440|0|110|110.0|2024-05-25 08:40:39.823164
2441|1|101|101.0|2024-05-25 08:40:47.417015
2442|0|117|117.0|2024-05-25 08:40:50.120373
2443|1|107|107.0|2024-05-25 08:40:55.904053
2444|0|106|106.0|2024-05-25 08:40:58.224367
2445|0|52|52.0|2024-05-25 08:41:02.478661
2446|0|46|46.0|2024-05-25 08:41:06.496585
2447|1|134|134.0|2024-05-25 08:41:06.942989
2448|0|115|115.0|2024-05-25 08:41:16.755792
2449|1|118|118.0|2024-05-25 08:41:17.436580
2450|1|108|108.0|2024-05-25 08:41:28.384421
2451|0|119|119.0|2024-05-25 08:41:28.635652
2452|1|103|103.0|2024-05-25 08:56:23.854152
2453|0|123|123.0|2024-05-25 08:56:25.818904
2454|1|126|126.0|2024-05-25 08:56:34.392286
2455|0|134|134.0|2024-05-25 08:56:36.797958
2456|1|114|114.0|2024-05-25 08:56:44.144668
2457|0|104|104.0|2024-05-25 08:56:45.937131
2458|1|123|123.0|2024-05-25 08:56:54.663180
2459|0|141|141.0|2024-05-25 08:56:57.983848
2460|1|135|135.0|2024-05-25 08:57:06.139917
2461|0|116|116.0|2024-05-25 08:57:07.773879
2462|1|127|127.0|2024-05-25 08:57:17.549100
2463|0|123|123.0|2024-05-25 08:57:18.829170
2464|1|99|99.0|2024-05-25 08:57:25.595154
2465|0|122|122.0|2024-05-25 08:57:28.753685
2466|1|134|134.0|2024-05-25 08:57:36.451870
2467|0|101|101.0|2024-05-25 08:57:37.071986
2468|1|43|43.0|2024-05-25 08:57:39.860705
2469|0|117|117.0|2024-05-25 09:12:23.642751
2470|1|120|120.0|2024-05-25 09:12:27.184778
2471|0|55|55.0|2024-05-25 09:12:28.352577
2472|1|128|128.0|2024-05-25 09:12:37.655020
2473|0|145|145.0|2024-05-25 09:12:40.077625
2474|1|148|148.0|2024-05-25 09:12:49.078381
2475|0|126|126.0|2024-05-25 09:12:50.492331
2476|1|122|122.0|2024-05-25 09:12:59.141044
2477|0|123|123.0|2024-05-25 09:12:59.961388
2478|1|119|119.0|2024-05-25 09:13:08.669878
2479|0|121|121.0|2024-05-25 09:13:09.749050
2480|1|39|39.0|2024-05-25 09:13:11.879685
2481|0|125|125.0|2024-05-25 09:13:19.914819
2482|1|106|106.0|2024-05-25 09:13:20.377560
2483|0|114|114.0|2024-05-25 09:13:28.618969
2484|1|137|137.0|2024-05-25 09:13:31.223162
2485|0|128|128.0|2024-05-25 09:28:11.375369
2486|1|155|155.0|2024-05-25 09:28:16.177565
2487|0|157|157.0|2024-05-25 09:28:25.120234
2488|1|172|172.0|2024-05-25 09:28:31.552586
2489|0|130|130.0|2024-05-25 09:28:36.637678
2490|1|149|149.0|2024-05-25 09:28:44.652010
2491|0|157|157.0|2024-05-25 09:28:49.721641
2492|1|134|134.0|2024-05-25 09:28:55.032320
2493|0|147|147.0|2024-05-25 09:29:01.475594
2494|1|133|133.0|2024-05-25 09:29:06.034424
2495|0|140|140.0|2024-05-25 09:29:13.654577
2496|1|146|146.0|2024-05-25 09:29:18.704808
2497|0|163|163.0|2024-05-25 09:29:27.859826
2498|1|144|144.0|2024-05-25 09:29:31.453068
2499|0|169|169.0|2024-05-25 09:45:02.466638
2500|1|176|176.0|2024-05-25 09:45:07.400701
2501|0|148|148.0|2024-05-25 09:45:16.145959
2502|1|159|159.0|2024-05-25 09:45:20.998712
2503|0|132|132.0|2024-05-25 09:45:26.742783
2504|1|187|187.0|2024-05-25 09:45:36.362181
2505|0|165|165.0|2024-05-25 09:45:40.438712
2506|0|135|135.0|2024-05-25 09:45:51.173020
2507|1|200|200.0|2024-05-25 09:45:52.354885
2508|0|142|142.0|2024-05-25 09:46:03.049470
2509|1|128|128.0|2024-05-25 09:46:03.057110
2510|0|154|154.0|2024-05-25 09:46:16.592884
2511|1|162|162.0|2024-05-25 09:46:17.541368
2512|0|136|136.0|2024-05-25 10:01:21.752263
2513|1|137|137.0|2024-05-25 10:01:22.560777
2514|0|133|133.0|2024-05-25 10:01:33.177611
2515|1|147|147.0|2024-05-25 10:01:35.043923
2516|0|162|162.0|2024-05-25 10:01:46.366738
2517|1|143|143.0|2024-05-25 10:01:46.722497
2518|0|128|128.0|2024-05-25 10:01:56.977870
2519|1|135|135.0|2024-05-25 10:01:57.893580
2520|1|123|123.0|2024-05-25 10:02:07.840342
2521|0|167|167.0|2024-05-25 10:02:11.190435
2522|1|129|129.0|2024-05-25 10:02:19.446634
2523|0|143|143.0|2024-05-25 10:02:23.098854
2524|1|160|160.0|2024-05-25 10:02:32.676094
2525|0|169|169.0|2024-05-25 10:17:05.902139
2526|1|152|152.0|2024-05-25 10:17:13.920797
2527|0|182|182.0|2024-05-25 10:17:20.919779
2528|1|176|176.0|2024-05-25 10:17:28.794754
2529|0|142|142.0|2024-05-25 10:17:33.674373
2530|1|187|187.0|2024-05-25 10:17:45.596810
2531|0|157|157.0|2024-05-25 10:17:47.483981
2532|1|145|145.0|2024-05-25 10:17:58.539835
2533|0|168|168.0|2024-05-25 10:18:02.197822
2534|1|192|192.0|2024-05-25 10:18:14.175954
2535|0|157|157.0|2024-05-25 10:18:15.085596
2536|1|131|131.0|2024-05-25 10:18:24.317041
2537|0|148|148.0|2024-05-25 10:18:26.637054
2538|1|126|126.0|2024-05-25 10:33:42.117804
2539|0|164|164.0|2024-05-25 10:33:47.355491
2540|1|175|175.0|2024-05-25 10:33:57.511302
2541|0|123|123.0|2024-05-25 10:33:58.709030
2542|0|135|135.0|2024-05-25 10:34:09.969881
2543|1|200|200.0|2024-05-25 10:34:14.878675
2544|0|200|200.0|2024-05-25 10:34:27.941697
2545|1|154|154.0|2024-05-25 10:34:28.511612
2546|1|160|160.0|2024-05-25 10:34:41.690898
2547|0|200|200.0|2024-05-25 10:34:44.424759
2548|1|112|112.0|2024-05-25 10:34:51.058651
2549|0|162|162.0|2024-05-25 10:34:58.335467
2550|1|200|200.0|2024-05-25 10:50:46.682684
2551|0|200|200.0|2024-05-25 10:50:53.438046
2552|1|155|155.0|2024-05-25 10:50:59.384682
2553|0|139|139.0|2024-05-25 10:51:05.210211
2554|1|139|139.0|2024-05-25 10:51:11.452684
2555|0|116|116.0|2024-05-25 10:51:15.224275
2556|1|127|127.0|2024-05-25 10:51:22.055317
2557|0|200|200.0|2024-05-25 10:51:31.872260
2558|1|126|126.0|2024-05-25 10:51:32.638333
2559|0|112|112.0|2024-05-25 10:51:41.342180
2560|1|163|163.0|2024-05-25 10:51:45.935573
2561|0|151|151.0|2024-05-25 10:51:53.485676
2562|1|158|158.0|2024-05-25 10:51:59.395257
2563|0|149|149.0|2024-05-25 11:06:48.511064
2564|1|176|176.0|2024-05-25 11:06:57.004830
2565|0|145|145.0|2024-05-25 11:07:01.007020
2566|1|122|122.0|2024-05-25 11:07:06.870116
2567|0|152|152.0|2024-05-25 11:07:13.930192
2568|1|172|172.0|2024-05-25 11:07:22.265916
2569|0|167|167.0|2024-05-25 11:07:29.570503
2570|1|144|144.0|2024-05-25 11:07:34.897280
2571|1|109|109.0|2024-05-25 11:07:43.720467
2572|0|188|188.0|2024-05-25 11:07:44.812207
2573|1|129|129.0|2024-05-25 11:07:54.645440
2574|0|172|172.0|2024-05-25 11:07:59.631069
2575|1|109|109.0|2024-05-25 11:08:04.464588
2576|1|137|137.0|2024-05-25 11:22:37.956726
2577|0|200|200.0|2024-05-25 11:22:38.854071
2578|1|136|136.0|2024-05-25 11:22:50.771539
2579|0|128|128.0|2024-05-25 11:22:50.848627
2580|1|43|43.0|2024-05-25 11:22:54.548878
2581|0|120|120.0|2024-05-25 11:23:01.003971
2582|1|140|140.0|2024-05-25 11:23:06.022271
2583|0|64|64.0|2024-05-25 11:23:06.162788
2584|1|133|133.0|2024-05-25 11:23:17.110413
2585|0|172|172.0|2024-05-25 11:23:20.566462
2586|1|158|158.0|2024-05-25 11:23:31.141076
2587|0|124|124.0|2024-05-25 11:23:31.768198
2588|1|117|117.0|2024-05-25 11:23:40.935644
2589|0|129|129.0|2024-05-25 11:23:42.405324
2590|1|130|130.0|2024-05-25 11:23:52.107621
2591|0|118|118.0|2024-05-25 11:23:52.746003
2592|0|116|116.0|2024-05-25 11:38:59.330866
2593|1|123|123.0|2024-05-25 11:38:59.338834
2594|0|112|112.0|2024-05-25 11:39:09.502710
2595|1|125|125.0|2024-05-25 11:39:10.552341
2596|0|120|120.0|2024-05-25 11:39:19.106275
2597|1|122|122.0|2024-05-25 11:39:20.312108
2598|1|119|119.0|2024-05-25 11:39:30.196502
2599|0|135|135.0|2024-05-25 11:39:30.289859
2600|1|125|125.0|2024-05-25 11:39:40.485240
2601|0|154|154.0|2024-05-25 11:39:43.028694
2602|1|128|128.0|2024-05-25 11:39:50.617986
2603|0|116|116.0|2024-05-25 11:39:52.109477
2604|1|150|150.0|2024-05-25 11:40:02.809893
2605|0|153|153.0|2024-05-25 11:40:04.698343
2606|1|109|109.0|2024-05-25 11:40:11.892240
2607|0|124|124.0|2024-05-25 11:40:15.078861
2608|0|38|38.0|2024-05-25 11:55:00.919737
2609|1|104|104.0|2024-05-25 11:55:03.654920
2610|1|107|107.0|2024-05-25 11:55:13.383190
2611|0|144|144.0|2024-05-25 11:55:13.955113
2612|0|131|131.0|2024-05-25 11:55:24.752905
2613|1|160|160.0|2024-05-25 11:55:26.559634
2614|0|133|133.0|2024-05-25 11:55:35.664588
2615|1|125|125.0|2024-05-25 11:55:36.710808
2616|0|132|132.0|2024-05-25 11:55:46.765746
2617|1|142|142.0|2024-05-25 11:55:48.573215
2618|0|155|155.0|2024-05-25 11:55:59.355894
2619|1|159|159.0|2024-05-25 11:56:01.588147
2620|0|125|125.0|2024-05-25 11:56:09.701387
2621|0|11|11.0|2024-05-25 11:56:10.761797
2622|1|122|122.0|2024-05-25 11:56:12.046097
2623|1|147|147.0|2024-05-25 12:11:57.600897
2624|0|167|167.0|2024-05-25 12:11:58.172688
2625|1|123|123.0|2024-05-25 12:12:08.453245
2626|0|124|124.0|2024-05-25 12:12:09.001670
2627|1|122|122.0|2024-05-25 12:12:18.575732
2628|0|154|154.0|2024-05-25 12:12:21.672021
2629|1|128|128.0|2024-05-25 12:12:29.049293
2630|0|142|142.0|2024-05-25 12:12:33.353671
2631|1|135|135.0|2024-05-25 12:12:40.739507
2632|0|118|118.0|2024-05-25 12:12:43.538522
2633|1|141|141.0|2024-05-25 12:12:52.373623
2634|0|138|138.0|2024-05-25 12:12:55.296966
2635|1|126|126.0|2024-05-25 12:13:02.647493
2636|0|109|109.0|2024-05-25 12:13:04.052092
2637|1|139|139.0|2024-05-25 12:13:14.717405
2638|0|146|146.0|2024-05-25 12:13:16.854472
2639|1|180|180.0|2024-05-25 12:28:35.044275
2640|1|27|27.0|2024-05-25 12:28:37.342318
2641|0|200|200.0|2024-05-25 12:28:38.689177
2642|1|178|178.0|2024-05-25 12:28:52.015171
2643|0|200|200.0|2024-05-25 12:28:55.010019
2644|1|200|200.0|2024-05-25 12:29:08.356403
2645|0|200|200.0|2024-05-25 12:29:11.530914
2646|1|144|144.0|2024-05-25 12:29:19.676608
2647|0|200|200.0|2024-05-25 12:29:27.688720
2648|1|196|196.0|2024-05-25 12:29:36.332763
2649|0|200|200.0|2024-05-25 12:29:45.082800
2650|1|175|175.0|2024-05-25 12:44:58.066072
2651|0|200|200.0|2024-05-25 12:45:08.632754
2652|1|126|126.0|2024-05-25 12:45:08.883781
2653|1|177|177.0|2024-05-25 12:45:24.018584
2654|0|189|189.0|2024-05-25 12:45:24.768868
2655|0|148|148.0|2024-05-25 12:45:37.359767
2656|1|162|162.0|2024-05-25 12:45:37.768937
2657|1|152|152.0|2024-05-25 12:45:50.304081
2658|0|172|172.0|2024-05-25 12:45:51.632689
2659|1|139|139.0|2024-05-25 12:46:02.686032
2660|0|200|200.0|2024-05-25 12:46:09.195599
2661|1|145|145.0|2024-05-25 12:46:14.620977
2662|1|107|107.0|2024-05-25 13:00:29.819639
2663|0|185|185.0|2024-05-25 13:00:30.523520
2664|1|113|113.0|2024-05-25 13:00:38.561976
2665|0|110|110.0|2024-05-25 13:00:39.008208
2666|1|109|109.0|2024-05-25 13:00:47.049029
2667|0|112|112.0|2024-05-25 13:00:47.725909
2668|1|108|108.0|2024-05-25 13:00:55.421238
2669|0|121|121.0|2024-05-25 13:00:57.074678
2670|1|108|108.0|2024-05-25 13:01:04.147865
2671|0|115|115.0|2024-05-25 13:01:06.196215
2672|1|103|103.0|2024-05-25 13:01:12.323479
2673|0|111|111.0|2024-05-25 13:01:15.410496
2674|1|130|130.0|2024-05-25 13:01:23.083873
2675|0|122|122.0|2024-05-25 13:01:25.815884
2676|1|113|113.0|2024-05-25 13:01:33.152154
2677|0|116|116.0|2024-05-25 13:01:35.763762
2678|1|119|119.0|2024-05-25 13:01:42.930635
2679|0|99|99.0|2024-05-25 13:01:43.867853
2680|0|36|36.0|2024-05-25 13:15:25.739944
2681|1|114|114.0|2024-05-25 13:15:31.174097
2682|0|127|127.0|2024-05-25 13:15:36.113709
2683|1|118|118.0|2024-05-25 13:15:40.690249
2684|0|108|108.0|2024-05-25 13:15:45.254374
2685|1|144|144.0|2024-05-25 13:15:53.497826
2686|0|109|109.0|2024-05-25 13:15:54.908271
2687|1|115|115.0|2024-05-25 13:16:03.851314
2688|0|112|112.0|2024-05-25 13:16:04.822638
2689|1|31|31.0|2024-05-25 13:16:06.365835
2690|0|113|113.0|2024-05-25 13:16:14.713396
2691|1|136|136.0|2024-05-25 13:16:18.071065
2692|0|123|123.0|2024-05-25 13:16:24.706550
2693|1|97|97.0|2024-05-25 13:16:25.984634
2694|0|120|120.0|2024-05-25 13:16:34.124368
2695|1|119|119.0|2024-05-25 13:16:35.323390
2696|0|110|110.0|2024-05-25 13:16:43.295535
2697|1|105|105.0|2024-05-25 13:16:44.071362
2698|0|111|111.0|2024-05-25 13:29:03.249402
2699|1|125|125.0|2024-05-25 13:29:05.459991
2700|0|125|125.0|2024-05-25 13:29:14.199682
2701|1|111|111.0|2024-05-25 13:29:15.008771
2702|0|103|103.0|2024-05-25 13:29:22.935245
2703|1|109|109.0|2024-05-25 13:29:24.169322
2704|1|53|53.0|2024-05-25 13:29:28.375584
2705|0|115|115.0|2024-05-25 13:29:32.799998
2706|1|62|62.0|2024-05-25 13:29:34.192278
2707|1|37|37.0|2024-05-25 13:29:37.280499
2708|0|106|106.0|2024-05-25 13:29:41.843794
2709|1|108|108.0|2024-05-25 13:29:46.636519
2710|0|98|98.0|2024-05-25 13:29:50.580243
2711|1|51|51.0|2024-05-25 13:29:51.191803
2712|1|91|91.0|2024-05-25 13:29:58.477195
2713|0|109|109.0|2024-05-25 13:29:59.297650
2714|1|43|43.0|2024-05-25 13:30:01.703173
2715|1|59|59.0|2024-05-25 13:30:06.463961
2716|0|102|102.0|2024-05-25 13:30:07.439526
2717|0|50|50.0|2024-05-25 13:30:11.401206
2718|1|110|110.0|2024-05-25 13:30:14.991595
2719|0|135|135.0|2024-05-25 13:42:57.269371
2720|1|109|109.0|2024-05-25 13:42:59.180723
2721|0|104|104.0|2024-05-25 13:43:05.553507
2722|1|111|111.0|2024-05-25 13:43:07.665877
2723|0|113|113.0|2024-05-25 13:43:14.756949
2724|1|111|111.0|2024-05-25 13:43:17.013787
2725|0|96|96.0|2024-05-25 13:43:22.883957
2726|1|111|111.0|2024-05-25 13:43:26.499663
2727|0|50|50.0|2024-05-25 13:43:27.101437
2728|0|100|100.0|2024-05-25 13:43:35.298263
2729|1|114|114.0|2024-05-25 13:43:36.043201
2730|1|104|104.0|2024-05-25 13:43:44.638759
2731|0|116|116.0|2024-05-25 13:43:44.999308
2732|0|97|97.0|2024-05-25 13:43:52.709102
2733|1|105|105.0|2024-05-25 13:43:52.901567
2734|0|112|112.0|2024-05-25 13:44:01.666676
2735|1|110|110.0|2024-05-25 13:44:01.738482
2736|1|95|95.0|2024-05-25 13:44:09.533850
2737|0|114|114.0|2024-05-25 13:44:11.165142
2738|1|101|101.0|2024-05-25 13:56:26.386233
2739|0|107|107.0|2024-05-25 13:56:28.500627
2740|1|75|75.0|2024-05-25 13:56:32.746186
2741|0|72|72.0|2024-05-25 13:56:34.537780
2742|1|73|73.0|2024-05-25 13:56:38.769797
2743|0|66|66.0|2024-05-25 13:56:39.838491
2744|1|42|42.0|2024-05-25 13:56:41.939610
2745|1|52|52.0|2024-05-25 13:56:46.133026
2746|0|103|103.0|2024-05-25 13:56:47.823479
2747|1|50|50.0|2024-05-25 13:56:49.806684
2748|1|37|37.0|2024-05-25 13:56:52.637630
2749|1|43|43.0|2024-05-25 13:56:56.039675
2750|0|109|109.0|2024-05-25 13:56:56.485400
2751|0|61|61.0|2024-05-25 13:57:01.200560
2752|1|106|106.0|2024-05-25 13:57:04.660008
2753|0|73|73.0|2024-05-25 13:57:07.161480
2754|1|58|58.0|2024-05-25 13:57:09.331804
2755|0|37|37.0|2024-05-25 13:57:10.009474
2756|0|38|38.0|2024-05-25 13:57:13.255796
2757|1|48|48.0|2024-05-25 13:57:13.337326
2758|0|100|100.0|2024-05-25 13:57:21.114711
2759|1|103|103.0|2024-05-25 13:57:21.433990
2760|0|99|99.0|2024-05-25 13:57:29.183313
2761|1|119|119.0|2024-05-25 13:57:31.215663
2762|1|44|44.0|2024-05-25 13:57:34.903223
2763|0|93|93.0|2024-05-25 13:57:37.185671
2764|1|31|31.0|2024-05-25 13:57:37.711635
2765|1|52|52.0|2024-05-25 13:57:42.167796
2766|0|84|84.0|2024-05-25 13:57:44.207938
2767|1|27|27.0|2024-05-25 13:57:44.290965
2768|1|101|101.0|2024-05-25 14:08:49.220582
2769|0|107|107.0|2024-05-25 14:08:49.527573
2770|0|27|27.0|2024-05-25 14:08:51.242552
2771|1|102|102.0|2024-05-25 14:08:55.541856
2772|0|111|111.0|2024-05-25 14:08:58.232722
2773|1|102|102.0|2024-05-25 14:09:02.106954
2774|0|112|112.0|2024-05-25 14:09:05.287385
2775|1|98|98.0|2024-05-25 14:09:08.537213
2776|0|125|125.0|2024-05-25 14:09:13.303818
2777|1|91|91.0|2024-05-25 14:09:14.126823
2778|0|116|116.0|2024-05-25 14:09:20.586050
2779|1|123|123.0|2024-05-25 14:09:21.843649
2780|0|129|129.0|2024-05-25 14:09:28.374690
2781|1|118|118.0|2024-05-25 14:09:28.862458
2782|0|117|117.0|2024-05-25 14:09:35.539458
2783|1|115|115.0|2024-05-25 14:09:35.988171
2784|1|39|39.0|2024-05-25 14:09:38.274142
2785|0|128|128.0|2024-05-25 14:09:43.458192
2786|1|126|126.0|2024-05-25 14:18:50.164481
2787|0|110|110.0|2024-05-25 14:18:53.664241
2788|1|106|106.0|2024-05-25 14:18:55.856642
2789|0|97|97.0|2024-05-25 14:18:58.785439
2790|1|116|116.0|2024-05-25 14:19:01.910203
2791|0|120|120.0|2024-05-25 14:19:05.188116
2792|1|114|114.0|2024-05-25 14:19:07.952819
2793|0|102|102.0|2024-05-25 14:19:10.439362
2794|1|107|107.0|2024-05-25 14:19:13.350111
2795|0|120|120.0|2024-05-25 14:19:16.760870
2796|0|52|52.0|2024-05-25 14:19:19.579965
2797|1|122|122.0|2024-05-25 14:19:20.030965
2798|1|110|110.0|2024-05-25 14:19:26.156368
2799|0|120|120.0|2024-05-25 14:19:26.278691
2800|1|34|34.0|2024-05-25 14:19:28.157745
2801|0|123|123.0|2024-05-25 14:19:32.929427
2802|1|123|123.0|2024-05-25 14:19:34.703405
2803|0|123|123.0|2024-05-25 14:19:39.536115
2804|1|116|116.0|2024-05-25 14:19:40.939319
2805|0|103|103.0|2024-05-25 14:28:54.168485
2806|1|132|132.0|2024-05-25 14:28:56.859887
2807|0|132|132.0|2024-05-25 14:29:01.044490
2808|1|119|119.0|2024-05-25 14:29:03.225454
2809|0|115|115.0|2024-05-25 14:29:07.105204
2810|1|108|108.0|2024-05-25 14:29:08.937656
2811|0|113|113.0|2024-05-25 14:29:13.281897
2812|1|142|142.0|2024-05-25 14:29:16.771808
2813|0|109|109.0|2024-05-25 14:29:19.284506
2814|1|112|112.0|2024-05-25 14:29:22.920054
2815|0|123|123.0|2024-05-25 14:29:25.897912
2816|1|120|120.0|2024-05-25 14:29:29.222666
2817|0|110|110.0|2024-05-25 14:29:31.776057
2818|1|144|144.0|2024-05-25 14:29:36.723950
2819|0|135|135.0|2024-05-25 14:29:38.906011
2820|1|129|129.0|2024-05-25 14:29:43.584146
2821|0|117|117.0|2024-05-25 14:29:44.978183
2822|1|115|115.0|2024-05-25 14:38:43.703681
2823|0|112|112.0|2024-05-25 14:38:44.900030
2824|1|114|114.0|2024-05-25 14:38:49.650568
2825|0|112|112.0|2024-05-25 14:38:50.837061
2826|1|121|121.0|2024-05-25 14:38:56.528159
2827|0|111|111.0|2024-05-25 14:38:57.121169
2828|1|111|111.0|2024-05-25 14:39:02.732175
2829|0|116|116.0|2024-05-25 14:39:03.670378
2830|1|104|104.0|2024-05-25 14:39:08.390865
2831|0|115|115.0|2024-05-25 14:39:09.940262
2832|1|101|101.0|2024-05-25 14:39:14.083397
2833|0|106|106.0|2024-05-25 14:39:15.662903
2834|1|131|131.0|2024-05-25 14:39:20.775127
2835|0|128|128.0|2024-05-25 14:39:22.328687
2836|1|124|124.0|2024-05-25 14:39:27.418748
2837|0|102|102.0|2024-05-25 14:39:27.752044
2838|0|111|111.0|2024-05-25 14:49:15.109017
2839|1|153|153.0|2024-05-25 14:49:16.924488
2840|0|133|133.0|2024-05-25 14:49:21.842392
2841|1|105|105.0|2024-05-25 14:49:22.125482
2842|0|126|126.0|2024-05-25 14:49:28.358386
2843|1|125|125.0|2024-05-25 14:49:28.582822
2844|1|103|103.0|2024-05-25 14:49:34.044228
2845|0|125|125.0|2024-05-25 14:49:34.890585
2846|1|116|116.0|2024-05-25 14:49:40.205632
2847|0|124|124.0|2024-05-25 14:49:41.388315
2848|0|56|56.0|2024-05-25 14:49:44.178739
2849|1|117|117.0|2024-05-25 14:49:46.167523
2850|0|112|112.0|2024-05-25 14:49:50.183920
2851|1|109|109.0|2024-05-25 14:49:51.974883
2852|0|119|119.0|2024-05-25 14:49:56.395322
2853|1|138|138.0|2024-05-25 14:49:59.157314
2854|0|123|123.0|2024-05-25 14:50:02.925330
2855|1|140|140.0|2024-05-25 14:59:00.193413
2856|0|121|121.0|2024-05-25 14:59:02.919731
2857|1|129|129.0|2024-05-25 14:59:07.095981
2858|0|120|120.0|2024-05-25 14:59:09.308434
2859|1|124|124.0|2024-05-25 14:59:13.876336
2860|0|123|123.0|2024-05-25 14:59:16.144262
2861|1|130|130.0|2024-05-25 14:59:20.891001
2862|0|106|106.0|2024-05-25 14:59:21.847694
2863|1|114|114.0|2024-05-25 14:59:27.281089
2864|0|125|125.0|2024-05-25 14:59:28.797570
2865|1|124|124.0|2024-05-25 14:59:34.005169
2866|0|124|124.0|2024-05-25 14:59:35.661353
2867|1|125|125.0|2024-05-25 14:59:41.143381
2868|0|131|131.0|2024-05-25 14:59:43.041791
2869|1|116|116.0|2024-05-25 14:59:47.465837
2870|0|129|129.0|2024-05-25 14:59:49.972720
2871|1|113|113.0|2024-05-25 14:59:53.754383
2872|0|138|138.0|2024-05-25 15:08:31.273873
2873|1|110|110.0|2024-05-25 15:08:33.334761
2874|0|112|112.0|2024-05-25 15:08:37.222822
2875|1|102|102.0|2024-05-25 15:08:39.191235
2876|0|128|128.0|2024-05-25 15:08:44.233189
2877|1|112|112.0|2024-05-25 15:08:44.868360
2878|0|121|121.0|2024-05-25 15:08:50.381525
2879|1|134|134.0|2024-05-25 15:08:51.646242
2880|0|125|125.0|2024-05-25 15:08:56.956824
2881|1|125|125.0|2024-05-25 15:08:58.343154
2882|0|110|110.0|2024-05-25 15:09:02.829810
2883|1|133|133.0|2024-05-25 15:09:05.365986
2884|0|104|104.0|2024-05-25 15:09:08.327539
2885|1|120|120.0|2024-05-25 15:09:11.735917
2886|0|107|107.0|2024-05-25 15:09:13.940900
2887|1|113|113.0|2024-05-25 15:09:17.318347
2888|0|107|107.0|2024-05-25 15:09:19.230586
2889|1|114|114.0|2024-05-25 15:17:44.144174
2890|0|104|104.0|2024-05-25 15:17:45.561864
2891|1|117|117.0|2024-05-25 15:17:50.041444
2892|0|102|102.0|2024-05-25 15:17:50.620761
2893|1|108|108.0|2024-05-25 15:17:55.374495
2894|0|101|101.0|2024-05-25 15:17:55.563534
2895|0|106|106.0|2024-05-25 15:18:01.153082
2896|1|112|112.0|2024-05-25 15:18:01.190389
2897|0|119|119.0|2024-05-25 15:18:07.214430
2898|1|119|119.0|2024-05-25 15:18:07.269065
2899|0|112|112.0|2024-05-25 15:18:13.240918
2900|1|117|117.0|2024-05-25 15:18:13.699134
2901|0|106|106.0|2024-05-25 15:18:19.186442
2902|1|122|122.0|2024-05-25 15:18:20.366942
2903|0|122|122.0|2024-05-25 15:18:25.821075
2904|1|108|108.0|2024-05-25 15:18:26.333447
2905|0|113|113.0|2024-05-25 15:18:32.120116
2906|1|108|108.0|2024-05-25 15:18:32.299853
2907|0|98|98.0|2024-05-25 15:27:07.420440
2908|1|107|107.0|2024-05-25 15:27:08.146419
2909|0|116|116.0|2024-05-25 15:27:13.621949
2910|1|106|106.0|2024-05-25 15:27:13.729444
2911|0|100|100.0|2024-05-25 15:27:19.093573
2912|1|109|109.0|2024-05-25 15:27:19.751835
2913|1|103|103.0|2024-05-25 15:27:25.316146
2914|0|116|116.0|2024-05-25 15:27:25.394580
2915|1|115|115.0|2024-05-25 15:27:31.555650
2916|0|117|117.0|2024-05-25 15:27:31.795556
2917|0|105|105.0|2024-05-25 15:27:37.346965
2918|1|120|120.0|2024-05-25 15:27:37.984056
2919|1|65|65.0|2024-05-25 15:27:41.366408
2920|0|103|103.0|2024-05-25 15:27:42.740938
2921|1|124|124.0|2024-05-25 15:27:47.979173
2922|0|110|110.0|2024-05-25 15:27:48.718312
2923|1|107|107.0|2024-05-25 15:27:53.603408
2924|0|102|102.0|2024-05-25 15:27:54.109875
2925|1|96|96.0|2024-05-25 15:36:32.058705
2926|0|105|105.0|2024-05-25 15:36:32.911618
2927|0|70|70.0|2024-05-25 15:36:36.798965
2928|1|115|115.0|2024-05-25 15:36:38.398696
2929|0|33|33.0|2024-05-25 15:36:38.606957
2930|0|106|106.0|2024-05-25 15:36:44.294363
2931|1|117|117.0|2024-05-25 15:36:44.714343
2932|0|46|46.0|2024-05-25 15:36:46.922652
2933|1|99|99.0|2024-05-25 15:36:50.136648
2934|0|113|113.0|2024-05-25 15:36:53.241656
2935|1|96|96.0|2024-05-25 15:36:55.392129
2936|0|99|99.0|2024-05-25 15:36:58.503543
2937|1|102|102.0|2024-05-25 15:37:00.919928
2938|0|114|114.0|2024-05-25 15:37:04.584316
2939|1|114|114.0|2024-05-25 15:37:06.890401
2940|0|99|99.0|2024-05-25 15:37:09.744888
2941|1|54|54.0|2024-05-25 15:37:09.745801
2942|0|104|104.0|2024-05-25 15:37:15.422006
2943|1|120|120.0|2024-05-25 15:37:16.196791
2944|0|101|101.0|2024-05-25 15:37:20.792571
2945|1|99|99.0|2024-05-25 15:37:21.488955
2946|0|106|106.0|2024-05-25 15:46:04.146153
2947|1|115|115.0|2024-05-25 15:46:05.393224
2948|0|123|123.0|2024-05-25 15:46:10.898493
2949|1|101|101.0|2024-05-25 15:46:10.935086
2950|1|128|128.0|2024-05-25 15:46:18.010649
2951|0|131|131.0|2024-05-25 15:46:18.081616
2952|0|132|132.0|2024-05-25 15:46:25.351409
2953|1|137|137.0|2024-05-25 15:46:25.550104
2954|1|106|106.0|2024-05-25 15:46:31.372064
2955|0|141|141.0|2024-05-25 15:46:33.045561
2956|1|95|95.0|2024-05-25 15:46:36.331667
2957|0|119|119.0|2024-05-25 15:46:39.246489
2958|1|117|117.0|2024-05-25 15:46:42.568380
2959|0|110|110.0|2024-05-25 15:46:45.104764
2960|1|106|106.0|2024-05-25 15:46:48.451652
2961|0|129|129.0|2024-05-25 15:46:52.181543
2962|1|117|117.0|2024-05-25 15:55:39.423956
2963|0|119|119.0|2024-05-25 15:55:43.542197
2964|1|125|125.0|2024-05-25 15:55:46.365957
2965|0|105|105.0|2024-05-25 15:55:49.421938
2966|1|118|118.0|2024-05-25 15:55:52.808202
2967|0|108|108.0|2024-05-25 15:55:55.011192
2968|1|102|102.0|2024-05-25 15:55:58.043926
2969|0|118|118.0|2024-05-25 15:56:01.176658
2970|1|109|109.0|2024-05-25 15:56:03.768291
2971|0|116|116.0|2024-05-25 15:56:07.370294
2972|1|118|118.0|2024-05-25 15:56:10.210587
2973|0|128|128.0|2024-05-25 15:56:14.217431
2974|1|121|121.0|2024-05-25 15:56:16.689544
2975|0|115|115.0|2024-05-25 15:56:20.538601
2976|1|118|118.0|2024-05-25 15:56:22.987229
2977|0|121|121.0|2024-05-25 15:56:27.317346
2978|1|112|112.0|2024-05-25 15:56:29.439059
2979|0|119|119.0|2024-05-25 16:05:16.961142
2980|1|114|114.0|2024-05-25 16:05:18.761356
2981|0|124|124.0|2024-05-25 16:05:23.834655
2982|1|110|110.0|2024-05-25 16:05:24.829194
2983|0|121|121.0|2024-05-25 16:05:30.454751
2984|1|131|131.0|2024-05-25 16:05:31.915667
2985|0|105|105.0|2024-05-25 16:05:36.172460
2986|1|109|109.0|2024-05-25 16:05:38.064743
2987|0|126|126.0|2024-05-25 16:05:43.318548
2988|1|110|110.0|2024-05-25 16:05:44.283746
2989|0|118|118.0|2024-05-25 16:05:49.852261
2990|1|126|126.0|2024-05-25 16:05:51.280548
2991|0|109|109.0|2024-05-25 16:05:55.792560
2992|1|102|102.0|2024-05-25 16:05:56.779662
2993|0|112|112.0|2024-05-25 16:06:01.876373
2994|1|109|109.0|2024-05-25 16:06:02.818442
2995|0|133|133.0|2024-05-25 16:06:09.077908
2996|1|119|119.0|2024-05-25 16:06:09.136615
2997|1|97|97.0|2024-05-25 16:14:53.560318
2998|0|114|114.0|2024-05-25 16:14:54.406419
2999|0|103|103.0|2024-05-25 16:15:00.143585
3000|1|127|127.0|2024-05-25 16:15:00.717136
3001|1|109|109.0|2024-05-25 16:15:06.599910
3002|0|122|122.0|2024-05-25 16:15:06.859895
3003|0|119|119.0|2024-05-25 16:15:13.347525
3004|1|129|129.0|2024-05-25 16:15:13.621370
3005|0|119|119.0|2024-05-25 16:15:19.932481
3006|1|116|116.0|2024-05-25 16:15:20.006404
3007|1|106|106.0|2024-05-25 16:15:25.931632
3008|0|121|121.0|2024-05-25 16:15:26.748777
3009|1|18|18.0|2024-05-25 16:15:27.036167
3010|0|99|99.0|2024-05-25 16:15:32.387347
3011|1|122|122.0|2024-05-25 16:15:33.965170
3012|0|107|107.0|2024-05-25 16:15:38.316799
3013|1|108|108.0|2024-05-25 16:15:39.930806
3014|0|117|117.0|2024-05-25 16:15:44.711987
3015|1|118|118.0|2024-05-25 16:24:26.172507
3016|0|119|119.0|2024-05-25 16:24:31.069924
3017|1|124|124.0|2024-05-25 16:24:32.962318
3018|0|134|134.0|2024-05-25 16:24:38.345134
3019|1|116|116.0|2024-05-25 16:24:39.262991
3020|0|120|120.0|2024-05-25 16:24:44.603618
3021|1|116|116.0|2024-05-25 16:24:45.206808
3022|0|115|115.0|2024-05-25 16:24:50.581695
3023|1|116|116.0|2024-05-25 16:24:51.317590
3024|0|114|114.0|2024-05-25 16:24:56.864676
3025|1|125|125.0|2024-05-25 16:24:58.341879
3026|0|109|109.0|2024-05-25 16:25:02.664721
3027|1|116|116.0|2024-05-25 16:25:04.392064
3028|1|11|11.0|2024-05-25 16:25:04.862204
3029|0|118|118.0|2024-05-25 16:25:08.852713
3030|1|120|120.0|2024-05-25 16:25:11.233285
3031|0|115|115.0|2024-05-25 16:25:15.058367
3032|1|103|103.0|2024-05-25 16:25:16.714960
3033|0|108|108.0|2024-05-25 16:33:54.935799
3034|1|112|112.0|2024-05-25 16:33:56.891808
3035|0|116|116.0|2024-05-25 16:34:01.126259
3036|1|124|124.0|2024-05-25 16:34:03.567249
3037|0|107|107.0|2024-05-25 16:34:06.751511
3038|1|127|127.0|2024-05-25 16:34:10.199168
3039|0|113|113.0|2024-05-25 16:34:12.747474
3040|1|116|116.0|2024-05-25 16:34:16.111083
3041|0|116|116.0|2024-05-25 16:34:18.482869
3042|1|113|113.0|2024-05-25 16:34:22.037876
3043|0|109|109.0|2024-05-25 16:34:24.339848
3044|1|119|119.0|2024-05-25 16:34:28.334724
3045|0|119|119.0|2024-05-25 16:34:30.725214
3046|1|118|118.0|2024-05-25 16:34:34.711370
3047|0|125|125.0|2024-05-25 16:34:37.329697
3048|1|102|102.0|2024-05-25 16:34:40.288013
3049|0|112|112.0|2024-05-25 16:34:43.625047
3050|1|120|120.0|2024-05-25 16:43:13.138843
3051|0|123|123.0|2024-05-25 16:43:16.648646
3052|1|131|131.0|2024-05-25 16:43:20.378437
3053|0|112|112.0|2024-05-25 16:43:23.018716
3054|1|118|118.0|2024-05-25 16:43:26.838021
3055|0|119|119.0|2024-05-25 16:43:29.167800
3056|1|115|115.0|2024-05-25 16:43:32.968160
3057|0|104|104.0|2024-05-25 16:43:34.756172
3058|1|114|114.0|2024-05-25 16:43:39.013156
3059|0|121|121.0|2024-05-25 16:43:41.332532
3060|1|111|111.0|2024-05-25 16:43:44.988151
3061|0|105|105.0|2024-05-25 16:43:46.888989
3062|1|118|118.0|2024-05-25 16:43:51.300126
3063|0|108|108.0|2024-05-25 16:43:52.666286
3064|0|63|63.0|2024-05-25 16:43:56.081817
3065|1|123|123.0|2024-05-25 16:43:58.162024
3066|0|113|113.0|2024-05-25 16:44:02.661930
3067|1|120|120.0|2024-05-25 16:44:04.814171
3068|0|125|125.0|2024-05-25 16:52:33.042228
3069|1|126|126.0|2024-05-25 16:52:35.242729
3070|0|121|121.0|2024-05-25 16:52:39.530799
3071|1|100|100.0|2024-05-25 16:52:40.620676
3072|0|120|120.0|2024-05-25 16:52:45.929188
3073|1|128|128.0|2024-05-25 16:52:47.471354
3074|0|136|136.0|2024-05-25 16:52:53.305160
3075|1|129|129.0|2024-05-25 16:52:54.621410
3076|0|133|133.0|2024-05-25 16:53:00.997390
3077|0|10|10.0|2024-05-25 16:53:01.571489
3078|1|136|136.0|2024-05-25 16:53:02.274569
3079|0|111|111.0|2024-05-25 16:53:07.613533
3080|1|127|127.0|2024-05-25 16:53:09.205567
3081|0|108|108.0|2024-05-25 16:53:13.079240
3082|1|121|121.0|2024-05-25 16:53:15.433781
3083|0|130|130.0|2024-05-25 16:53:20.062333
3084|1|118|118.0|2024-05-25 16:53:21.704736
3085|0|131|131.0|2024-05-25 17:02:07.847265
3086|1|111|111.0|2024-05-25 17:02:08.473774
3087|0|122|122.0|2024-05-25 17:02:14.410750
3088|1|120|120.0|2024-05-25 17:02:14.894447
3089|0|126|126.0|2024-05-25 17:02:21.159109
3090|1|127|127.0|2024-05-25 17:02:21.801435
3091|0|130|130.0|2024-05-25 17:02:28.350928
3092|1|125|125.0|2024-05-25 17:02:28.728912
3093|1|130|130.0|2024-05-25 17:02:35.535651
3094|0|137|137.0|2024-05-25 17:02:35.595723
3095|0|119|119.0|2024-05-25 17:02:42.156790
3096|1|138|138.0|2024-05-25 17:02:43.143237
3097|0|109|109.0|2024-05-25 17:02:48.015934
3098|1|134|134.0|2024-05-25 17:02:50.352008
3099|0|111|111.0|2024-05-25 17:02:54.289360
3100|1|112|112.0|2024-05-25 17:02:56.773548
3101|0|107|107.0|2024-05-25 17:12:19.794788
3102|1|121|121.0|2024-05-25 17:12:22.823564
3103|0|107|107.0|2024-05-25 17:12:25.597937
3104|1|144|144.0|2024-05-25 17:12:31.000856
3105|0|119|119.0|2024-05-25 17:12:32.377496
3106|1|134|134.0|2024-05-25 17:12:38.311000
3107|0|112|112.0|2024-05-25 17:12:38.410669
3108|0|122|122.0|2024-05-25 17:12:44.631528
3109|1|134|134.0|2024-05-25 17:12:45.194659
3110|0|126|126.0|2024-05-25 17:12:51.354740
3111|1|132|132.0|2024-05-25 17:12:52.281064
3112|0|121|121.0|2024-05-25 17:12:58.047333
3113|1|123|123.0|2024-05-25 17:12:59.010114
3114|0|133|133.0|2024-05-25 17:13:04.941229
3115|1|130|130.0|2024-05-25 17:13:05.825755
3116|0|128|128.0|2024-05-25 17:21:57.550332
3117|1|125|125.0|2024-05-25 17:21:58.107575
3118|0|121|121.0|2024-05-25 17:22:04.038702
3119|1|136|136.0|2024-05-25 17:22:05.371799
3120|0|132|132.0|2024-05-25 17:22:11.058891
3121|1|131|131.0|2024-05-25 17:22:12.462591
3122|0|127|127.0|2024-05-25 17:22:17.809620
3123|1|124|124.0|2024-05-25 17:22:18.991795
3124|0|126|126.0|2024-05-25 17:22:24.343351
3125|1|140|140.0|2024-05-25 17:22:26.592576
3126|0|152|152.0|2024-05-25 17:22:32.884284
3127|1|137|137.0|2024-05-25 17:22:34.022315
3128|1|122|122.0|2024-05-25 17:22:40.588453
3129|0|148|148.0|2024-05-25 17:22:40.800072
3130|1|136|136.0|2024-05-25 17:22:48.329372
3131|0|141|141.0|2024-05-25 17:22:48.794794
3132|1|114|114.0|2024-05-25 17:31:44.306788
3133|0|130|130.0|2024-05-25 17:31:45.650194
3134|1|125|125.0|2024-05-25 17:31:51.191147
3135|0|111|111.0|2024-05-25 17:31:51.882890
3136|0|116|116.0|2024-05-25 17:31:58.343713
3137|1|138|138.0|2024-05-25 17:31:58.888440
3138|0|113|113.0|2024-05-25 17:32:04.552997
3139|1|120|120.0|2024-05-25 17:32:05.488781
3140|0|122|122.0|2024-05-25 17:32:11.057362
3141|1|141|141.0|2024-05-25 17:32:13.096515
3142|0|120|120.0|2024-05-25 17:32:18.058401
3143|1|124|124.0|2024-05-25 17:32:20.190335
3144|0|133|133.0|2024-05-25 17:32:25.614230
3145|1|138|138.0|2024-05-25 17:32:28.275644
3146|0|137|137.0|2024-05-25 17:32:33.852986
3147|1|123|123.0|2024-05-25 17:41:25.886215
3148|0|133|133.0|2024-05-25 17:41:31.705358
3149|1|130|130.0|2024-05-25 17:41:33.433315
3150|0|148|148.0|2024-05-25 17:41:40.508540
3151|1|133|133.0|2024-05-25 17:41:41.229540
3152|1|128|128.0|2024-05-25 17:41:48.206295
3153|0|156|156.0|2024-05-25 17:41:49.034655
3154|1|141|141.0|2024-05-25 17:41:56.285535
3155|0|177|177.0|2024-05-25 17:41:59.030850
3156|1|124|124.0|2024-05-25 17:42:03.182530
3157|0|141|141.0|2024-05-25 17:42:06.956930
3158|1|159|159.0|2024-05-25 17:42:11.920612
3159|0|155|155.0|2024-05-25 17:42:15.383838
3160|1|149|149.0|2024-05-25 17:42:20.288473
3161|0|137|137.0|2024-05-25 17:51:25.937340
3162|1|136|136.0|2024-05-25 17:51:30.639987
3163|0|134|134.0|2024-05-25 17:51:33.340280
3164|1|114|114.0|2024-05-25 17:51:36.803367
3165|0|124|124.0|2024-05-25 17:51:39.883161
3166|1|125|125.0|2024-05-25 17:51:43.382845
3167|0|123|123.0|2024-05-25 17:51:46.320114
3168|1|156|156.0|2024-05-25 17:51:51.294492
3169|0|143|143.0|2024-05-25 17:51:53.652406
3170|1|130|130.0|2024-05-25 17:51:58.162165
3171|0|115|115.0|2024-05-25 17:51:59.764196
3172|1|124|124.0|2024-05-25 17:52:04.800744
3173|0|143|143.0|2024-05-25 17:52:07.373963
3174|1|140|140.0|2024-05-25 17:52:12.298518
3175|0|133|133.0|2024-05-25 17:52:14.635326
3176|1|138|138.0|2024-05-25 18:01:50.997148
3177|0|128|128.0|2024-05-25 18:01:52.697197
3178|1|131|131.0|2024-05-25 18:01:58.144544
3179|0|119|119.0|2024-05-25 18:01:59.247304
3180|1|131|131.0|2024-05-25 18:02:05.507449
3181|0|130|130.0|2024-05-25 18:02:06.593336
3182|1|133|133.0|2024-05-25 18:02:12.788564
3183|0|155|155.0|2024-05-25 18:02:14.945773
3184|1|139|139.0|2024-05-25 18:02:20.077827
3185|0|132|132.0|2024-05-25 18:02:21.751437
3186|1|124|124.0|2024-05-25 18:02:26.579330
3187|0|200|200.0|2024-05-25 18:02:32.210925
3188|1|138|138.0|2024-05-25 18:02:33.774855
3189|0|153|153.0|2024-05-25 18:02:40.511102
3190|1|147|147.0|2024-05-25 18:11:32.910942
3191|0|142|142.0|2024-05-25 18:11:39.792690
3192|1|163|163.0|2024-05-25 18:11:42.196086
3193|0|149|149.0|2024-05-25 18:11:48.013910
3194|1|129|129.0|2024-05-25 18:11:49.309187
3195|0|116|116.0|2024-05-25 18:11:54.412536
3196|1|140|140.0|2024-05-25 18:11:57.184060
3197|0|125|125.0|2024-05-25 18:12:01.414298
3198|1|120|120.0|2024-05-25 18:12:03.791734
3199|0|138|138.0|2024-05-25 18:12:08.894940
3200|1|161|161.0|2024-05-25 18:12:12.684958
3201|0|122|122.0|2024-05-25 18:12:15.849282
3202|1|132|132.0|2024-05-25 18:12:19.930972
3203|0|131|131.0|2024-05-25 18:12:22.786602
3204|1|159|159.0|2024-05-25 18:21:43.447637
3205|0|127|127.0|2024-05-25 18:21:44.631979
3206|1|136|136.0|2024-05-25 18:21:50.755845
3207|0|133|133.0|2024-05-25 18:21:51.701079
3208|1|137|137.0|2024-05-25 18:21:58.108306
3209|0|140|140.0|2024-05-25 18:21:59.243020
3210|1|131|131.0|2024-05-25 18:22:04.888617
3211|0|116|116.0|2024-05-25 18:22:05.319729
3212|1|144|144.0|2024-05-25 18:22:12.430777
3213|0|161|161.0|2024-05-25 18:22:13.737485
3214|1|120|120.0|2024-05-25 18:22:18.673657
3215|0|127|127.0|2024-05-25 18:22:20.277328
3216|1|45|45.0|2024-05-25 18:22:21.087914
3217|0|111|111.0|2024-05-25 18:22:26.150289
3218|1|127|127.0|2024-05-25 18:22:27.657023
3219|0|148|148.0|2024-05-25 18:22:33.962006
3220|1|135|135.0|2024-05-25 18:31:07.204576
3221|0|153|153.0|2024-05-25 18:31:14.474994
3222|1|149|149.0|2024-05-25 18:31:14.936445
3223|0|162|162.0|2024-05-25 18:31:23.477042
3224|1|173|173.0|2024-05-25 18:31:24.570602
3225|0|140|140.0|2024-05-25 18:31:30.770588
3226|1|161|161.0|2024-05-25 18:31:32.996707
3227|0|137|137.0|2024-05-25 18:31:37.768828
3228|1|157|157.0|2024-05-25 18:31:40.808414
3229|0|126|126.0|2024-05-25 18:31:43.707697
3230|1|140|140.0|2024-05-25 18:31:47.580176
3231|0|175|175.0|2024-05-25 18:31:52.144554
3232|1|141|141.0|2024-05-25 18:31:54.692364
3233|0|146|146.0|2024-05-25 18:41:01.945646
3234|1|179|179.0|2024-05-25 18:41:05.952105
3235|0|145|145.0|2024-05-25 18:41:09.562217
3236|1|154|154.0|2024-05-25 18:41:14.321468
3237|0|146|146.0|2024-05-25 18:41:17.588553
3238|1|143|143.0|2024-05-25 18:41:22.146034
3239|0|181|181.0|2024-05-25 18:41:27.370066
3240|1|149|149.0|2024-05-25 18:41:29.887295
3241|0|144|144.0|2024-05-25 18:41:34.713095
3242|1|158|158.0|2024-05-25 18:41:38.209275
3243|0|124|124.0|2024-05-25 18:41:41.583636
3244|1|131|131.0|2024-05-25 18:41:45.408321
3245|0|148|148.0|2024-05-25 18:41:49.444084
3246|0|80|80.0|2024-05-25 18:50:19.377917
3247|1|170|170.0|2024-05-25 18:50:19.987671
3248|1|155|155.0|2024-05-25 18:50:28.093935
3249|0|189|189.0|2024-05-25 18:50:29.167923
3250|1|135|135.0|2024-05-25 18:50:35.319991
3251|0|154|154.0|2024-05-25 18:50:37.389029
3252|1|167|167.0|2024-05-25 18:50:44.022157
3253|0|132|132.0|2024-05-25 18:50:44.202370
3254|1|132|132.0|2024-05-25 18:50:50.961061
3255|0|129|129.0|2024-05-25 18:50:51.005067
3256|1|145|145.0|2024-05-25 18:50:58.694080
3257|0|155|155.0|2024-05-25 18:50:59.232210
3258|0|145|145.0|2024-05-25 18:51:06.982183
3259|1|200|200.0|2024-05-25 18:51:09.359108
3260|0|146|146.0|2024-05-25 19:00:16.019264
3261|1|200|200.0|2024-05-25 19:00:21.268006
3262|0|166|166.0|2024-05-25 19:00:25.032886
3263|1|200|200.0|2024-05-25 19:00:32.523217
3264|0|173|173.0|2024-05-25 19:00:34.939377
3265|0|155|155.0|2024-05-25 19:00:43.303719
3266|1|198|198.0|2024-05-25 19:00:43.458057
3267|1|161|161.0|2024-05-25 19:00:52.214309
3268|0|200|200.0|2024-05-25 19:00:54.144456
3269|1|171|171.0|2024-05-25 19:01:01.218200
3270|0|169|169.0|2024-05-25 19:01:02.886372
3271|1|200|200.0|2024-05-25 19:09:35.157978
3272|0|200|200.0|2024-05-25 19:09:37.102887
3273|1|200|200.0|2024-05-25 19:09:46.019390
3274|0|200|200.0|2024-05-25 19:09:47.973585
3275|0|160|160.0|2024-05-25 19:09:56.818019
3276|1|200|200.0|2024-05-25 19:09:57.132618
3277|0|200|200.0|2024-05-25 19:10:07.399820
3278|1|200|200.0|2024-05-25 19:10:07.642550
3279|0|200|200.0|2024-05-25 19:10:18.217317
3280|1|200|200.0|2024-05-25 19:10:18.442771
3281|1|98|98.0|2024-05-25 19:18:47.321991
3282|0|200|200.0|2024-05-25 19:18:52.980379
3283|1|200|200.0|2024-05-25 19:18:58.770915
3284|0|200|200.0|2024-05-25 19:19:04.084387
3285|1|200|200.0|2024-05-25 19:19:09.448076
3286|0|200|200.0|2024-05-25 19:19:14.986759
3287|1|200|200.0|2024-05-25 19:19:20.618770
3288|0|200|200.0|2024-05-25 19:19:25.924338
3289|1|200|200.0|2024-05-25 19:19:31.511385
3290|0|200|200.0|2024-05-25 19:19:36.769081
3291|1|181|181.0|2024-05-25 19:19:41.096341
3292|0|200|200.0|2024-05-25 19:28:14.383711
3293|1|200|200.0|2024-05-25 19:28:19.215945
3294|0|200|200.0|2024-05-25 19:28:25.481445
3295|1|200|200.0|2024-05-25 19:28:30.076597
3296|0|200|200.0|2024-05-25 19:28:36.343803
3297|1|200|200.0|2024-05-25 19:28:40.999319
3298|0|200|200.0|2024-05-25 19:28:47.371010
3299|1|200|200.0|2024-05-25 19:28:52.007747
3300|0|200|200.0|2024-05-25 19:28:58.266385
3301|1|200|200.0|2024-05-25 19:37:27.421882
3302|0|200|200.0|2024-05-25 19:37:34.269635
3303|1|200|200.0|2024-05-25 19:37:38.904988
3304|0|200|200.0|2024-05-25 19:37:45.318015
3305|1|200|200.0|2024-05-25 19:37:50.175712
3306|0|200|200.0|2024-05-25 19:37:56.628998
3307|1|200|200.0|2024-05-25 19:38:01.154717
3308|0|200|200.0|2024-05-25 19:38:07.566253
3309|1|196|196.0|2024-05-25 19:38:11.857987
3310|0|200|200.0|2024-05-25 19:38:18.484886
3311|1|200|200.0|2024-05-25 19:47:13.973822
3312|0|188|188.0|2024-05-25 19:47:19.995498
3313|1|165|165.0|2024-05-25 19:47:23.103169
3314|1|40|40.0|2024-05-25 19:47:25.378410
3315|0|162|162.0|2024-05-25 19:47:29.112653
3316|1|196|196.0|2024-05-25 19:47:36.242647
3317|0|200|200.0|2024-05-25 19:47:39.919434
3318|1|176|176.0|2024-05-25 19:47:45.698894
3319|0|200|200.0|2024-05-25 19:47:50.800775
3320|1|200|200.0|2024-05-25 19:47:56.910206
3321|0|187|187.0|2024-05-25 19:48:01.511452
3322|1|200|200.0|2024-05-25 19:48:08.071397
3323|0|200|200.0|2024-05-25 19:57:06.821944
3324|1|163|163.0|2024-05-25 19:57:11.117312
3325|0|200|200.0|2024-05-25 19:57:17.589004
3326|1|159|159.0|2024-05-25 19:57:19.837394
3327|0|193|193.0|2024-05-25 19:57:27.530014
3328|1|200|200.0|2024-05-25 19:57:30.044452
3329|0|200|200.0|2024-05-25 19:57:37.927137
3330|1|164|164.0|2024-05-25 19:57:38.622753
3331|0|195|195.0|2024-05-25 19:57:48.164030
3332|1|196|196.0|2024-05-25 19:57:48.844704
3333|0|162|162.0|2024-05-25 20:06:54.277933
3334|1|169|169.0|2024-05-25 20:06:55.429672
3335|0|200|200.0|2024-05-25 20:07:05.998303
3336|1|200|200.0|2024-05-25 20:07:07.218777
3337|0|200|200.0|2024-05-25 20:07:17.242020
3338|1|200|200.0|2024-05-25 20:07:18.409520
3339|0|200|200.0|2024-05-25 20:07:28.262711
3340|1|200|200.0|2024-05-25 20:07:29.497221
3341|0|133|133.0|2024-05-25 20:07:35.553572
3342|1|200|200.0|2024-05-25 20:07:40.263461
3343|0|168|168.0|2024-05-25 20:07:44.720069
3344|1|181|181.0|2024-05-25 20:16:42.280263
3345|0|200|200.0|2024-05-25 20:16:47.969292
3346|1|200|200.0|2024-05-25 20:16:53.783303
3347|0|200|200.0|2024-05-25 20:16:59.335753
3348|1|200|200.0|2024-05-25 20:17:04.999884
3349|0|200|200.0|2024-05-25 20:17:10.413098
3350|1|200|200.0|2024-05-25 20:17:16.261703
3351|0|200|200.0|2024-05-25 20:17:21.945890
3352|1|200|200.0|2024-05-25 20:17:27.265162
3353|0|200|200.0|2024-05-25 20:17:32.587242
3354|1|200|200.0|2024-05-25 20:27:00.493424
3355|0|200|200.0|2024-05-25 20:27:05.732506
3356|1|200|200.0|2024-05-25 20:27:11.200306
3357|0|200|200.0|2024-05-25 20:27:16.733201
3358|1|200|200.0|2024-05-25 20:27:22.092452
3359|0|200|200.0|2024-05-25 20:27:27.456860
3360|1|200|200.0|2024-05-25 20:27:32.891940
3361|0|200|200.0|2024-05-25 20:27:38.289990
3362|1|200|200.0|2024-05-25 20:27:43.577560
3363|0|200|200.0|2024-05-25 20:27:49.037167
3364|1|200|200.0|2024-05-25 20:36:28.910375
3365|0|200|200.0|2024-05-25 20:36:34.148064
3366|1|151|151.0|2024-05-25 20:36:36.990798
3367|0|162|162.0|2024-05-25 20:36:42.757419
3368|1|163|163.0|2024-05-25 20:36:45.511395
3369|0|200|200.0|2024-05-25 20:36:53.272639
3370|1|200|200.0|2024-05-25 20:36:56.057900
3371|0|200|200.0|2024-05-25 20:37:03.541929
3372|1|168|168.0|2024-05-25 20:37:04.569582
3373|0|200|200.0|2024-05-25 20:37:13.934330
3374|1|200|200.0|2024-05-25 20:37:14.911240
3375|1|178|178.0|2024-05-25 20:46:03.092371
3376|0|200|200.0|2024-05-25 20:46:03.162067
3377|1|200|200.0|2024-05-25 20:46:13.592952
3378|0|200|200.0|2024-05-25 20:46:13.629714
3379|1|188|188.0|2024-05-25 20:46:23.288401
3380|0|200|200.0|2024-05-25 20:46:24.003655
3381|1|200|200.0|2024-05-25 20:46:34.151728
3382|0|200|200.0|2024-05-25 20:46:34.870164
3383|1|200|200.0|2024-05-25 20:46:45.114533
3384|0|200|200.0|2024-05-25 20:46:45.723759
3385|1|200|200.0|2024-05-25 20:55:33.261705
3386|0|200|200.0|2024-05-25 20:55:34.046672
3387|1|200|200.0|2024-05-25 20:55:43.581575
3388|0|200|200.0|2024-05-25 20:55:44.252337
3389|1|200|200.0|2024-05-25 20:55:53.804962
3390|0|200|200.0|2024-05-25 20:55:54.458973
3391|1|200|200.0|2024-05-25 20:56:04.306558
3392|0|200|200.0|2024-05-25 20:56:05.114518
3393|1|200|200.0|2024-05-25 20:56:15.293974
3394|0|200|200.0|2024-05-25 20:56:15.914382
3395|0|91|91.0|2024-05-25 21:04:45.393486
3396|1|200|200.0|2024-05-25 21:04:50.706533
3397|0|200|200.0|2024-05-25 21:04:55.963240
3398|1|200|200.0|2024-05-25 21:05:01.198327
3399|0|200|200.0|2024-05-25 21:05:06.805073
3400|1|200|200.0|2024-05-25 21:05:12.149625
3401|0|200|200.0|2024-05-25 21:05:17.379022
3402|1|200|200.0|2024-05-25 21:05:22.489640
3403|0|200|200.0|2024-05-25 21:05:28.081524
3404|1|200|200.0|2024-05-25 21:05:33.170954
3405|0|200|200.0|2024-05-25 21:13:57.295617
3406|1|200|200.0|2024-05-25 21:14:02.493522
3407|0|200|200.0|2024-05-25 21:14:07.876341
3408|1|200|200.0|2024-05-25 21:14:12.714946
3409|0|200|200.0|2024-05-25 21:14:18.477917
3410|1|200|200.0|2024-05-25 21:14:23.472025
3411|0|200|200.0|2024-05-25 21:14:29.198566
3412|1|200|200.0|2024-05-25 21:14:34.644489
3413|0|200|200.0|2024-05-25 21:14:39.892711
3414|1|200|200.0|2024-05-25 21:14:45.073319
3415|0|200|200.0|2024-05-25 21:23:17.367435
3416|1|200|200.0|2024-05-25 21:23:22.600061
3417|0|200|200.0|2024-05-25 21:23:28.470042
3418|1|200|200.0|2024-05-25 21:23:33.718386
3419|0|200|200.0|2024-05-25 21:23:39.351730
3420|1|200|200.0|2024-05-25 21:23:44.404367
3421|0|200|200.0|2024-05-25 21:23:50.225016
3422|1|200|200.0|2024-05-25 21:23:55.454364
3423|0|200|200.0|2024-05-25 21:24:01.115445
3424|1|200|200.0|2024-05-25 21:24:06.220602
3425|0|200|200.0|2024-05-25 21:32:44.167368
3426|1|200|200.0|2024-05-25 21:32:49.421113
3427|0|200|200.0|2024-05-25 21:32:55.183878
3428|1|200|200.0|2024-05-25 21:33:00.185425
3429|0|200|200.0|2024-05-25 21:33:05.906623
3430|1|200|200.0|2024-05-25 21:33:11.015409
3431|0|200|200.0|2024-05-25 21:33:16.569649
3432|1|200|200.0|2024-05-25 21:33:21.836646
3433|0|200|200.0|2024-05-25 21:33:27.262522
3434|1|200|200.0|2024-05-25 21:33:32.690732
3435|0|200|200.0|2024-05-25 21:42:12.567826
3436|1|200|200.0|2024-05-25 21:42:18.027572
3437|0|200|200.0|2024-05-25 21:42:23.769419
3438|1|164|164.0|2024-05-25 21:42:27.159326
3439|0|200|200.0|2024-05-25 21:42:34.733431
3440|1|200|200.0|2024-05-25 21:42:38.100858
3441|0|200|200.0|2024-05-25 21:42:45.772528
3442|1|200|200.0|2024-05-25 21:42:49.248876
3443|0|153|153.0|2024-05-25 21:42:54.671779
3444|1|200|200.0|2024-05-25 21:43:00.619953
3445|0|200|200.0|2024-05-25 21:51:39.550282
3446|1|200|200.0|2024-05-25 21:51:46.157264
3447|0|200|200.0|2024-05-25 21:51:51.281768
3448|1|200|200.0|2024-05-25 21:51:57.416203
3449|0|161|161.0|2024-05-25 21:52:00.411799
3450|1|200|200.0|2024-05-25 21:52:08.810236
3451|0|200|200.0|2024-05-25 21:52:11.904064
3452|1|200|200.0|2024-05-25 21:52:20.417224
3453|0|200|200.0|2024-05-25 21:52:23.343590
3454|1|200|200.0|2024-05-25 21:52:31.761104
3455|0|200|200.0|2024-05-25 21:52:34.846392
3456|1|200|200.0|2024-05-25 22:01:12.594286
3457|0|190|190.0|2024-05-25 22:01:15.181093
3458|1|199|199.0|2024-05-25 22:01:24.056178
3459|0|200|200.0|2024-05-25 22:01:26.546927
3460|1|200|200.0|2024-05-25 22:01:35.032529
3461|0|200|200.0|2024-05-25 22:01:37.526336
3462|1|146|146.0|2024-05-25 22:01:42.985304
3463|0|187|187.0|2024-05-25 22:01:47.836569
3464|1|200|200.0|2024-05-25 22:01:53.910408
3465|0|200|200.0|2024-05-25 22:01:58.634149
3466|1|200|200.0|2024-05-25 22:10:25.376675
3467|0|200|200.0|2024-05-25 22:10:29.730543
3468|1|173|173.0|2024-05-25 22:10:34.321772
3469|0|185|185.0|2024-05-25 22:10:39.925961
3470|1|160|160.0|2024-05-25 22:10:43.185373
3471|0|135|135.0|2024-05-25 22:10:47.045575
3472|1|200|200.0|2024-05-25 22:10:53.710594
3473|0|175|175.0|2024-05-25 22:10:56.112818
3474|1|198|198.0|2024-05-25 22:11:04.157533
3475|0|178|178.0|2024-05-25 22:11:05.827310
3476|1|150|150.0|2024-05-25 22:11:12.662594
3477|0|190|190.0|2024-05-25 22:19:36.950259
3478|1|200|200.0|2024-05-25 22:19:44.164395
3479|0|184|184.0|2024-05-25 22:19:46.946432
3480|1|154|154.0|2024-05-25 22:19:52.493561
3481|0|181|181.0|2024-05-25 22:19:56.612398
3482|1|126|126.0|2024-05-25 22:19:59.066366
3483|0|140|140.0|2024-05-25 22:20:04.120608
3484|1|147|147.0|2024-05-25 22:20:06.800597
3485|0|162|162.0|2024-05-25 22:20:12.253387
3486|1|175|175.0|2024-05-25 22:20:15.762644
3487|0|144|144.0|2024-05-25 22:20:19.759021
3488|1|154|154.0|2024-05-25 22:20:23.945968
3489|0|157|157.0|2024-05-25 22:28:57.928282
3490|1|153|153.0|2024-05-25 22:29:02.054378
3491|0|200|200.0|2024-05-25 22:29:08.875940
3492|1|160|160.0|2024-05-25 22:29:10.637800
3493|1|161|161.0|2024-05-25 22:29:19.784924
3494|0|200|200.0|2024-05-25 22:29:20.128695
3495|1|164|164.0|2024-05-25 22:29:29.084653
3496|0|200|200.0|2024-05-25 22:29:31.397791
3497|1|184|184.0|2024-05-25 22:29:39.448067
3498|0|185|185.0|2024-05-25 22:29:41.922473
3499|1|168|168.0|2024-05-25 22:29:48.839258
3500|0|135|135.0|2024-05-25 22:29:49.835401
3501|1|128|128.0|2024-05-25 22:38:32.983061
3502|0|189|189.0|2024-05-25 22:38:36.960887
3503|1|169|169.0|2024-05-25 22:38:42.556228
3504|0|178|178.0|2024-05-25 22:38:47.043818
3505|1|149|149.0|2024-05-25 22:38:50.956790
3506|0|197|197.0|2024-05-25 22:38:57.917710
3507|1|200|200.0|2024-05-25 22:39:01.842425
3508|0|163|163.0|2024-05-25 22:39:06.964187
3509|1|156|156.0|2024-05-25 22:39:10.418840
3510|0|146|146.0|2024-05-25 22:39:14.930945
3511|1|200|200.0|2024-05-25 22:39:21.748016
3512|0|170|170.0|2024-05-25 22:47:53.522554
3513|1|193|193.0|2024-05-25 22:48:01.138849
3514|0|200|200.0|2024-05-25 22:48:04.046809
3515|1|192|192.0|2024-05-25 22:48:11.352014
3516|0|200|200.0|2024-05-25 22:48:15.038055
3517|1|200|200.0|2024-05-25 22:48:22.591727
3518|0|200|200.0|2024-05-25 22:48:26.034015
3519|1|195|195.0|2024-05-25 22:48:33.168896
3520|0|177|177.0|2024-05-25 22:48:35.730929
3521|1|200|200.0|2024-05-25 22:48:44.252849
3522|0|191|191.0|2024-05-25 22:48:46.390066
3523|1|200|200.0|2024-05-25 22:57:31.181040
3524|0|200|200.0|2024-05-25 22:57:33.353925
3525|1|200|200.0|2024-05-25 22:57:42.382722
3526|0|200|200.0|2024-05-25 22:57:44.638006
3527|1|200|200.0|2024-05-25 22:57:53.418338
3528|0|200|200.0|2024-05-25 22:57:55.637128
3529|1|200|200.0|2024-05-25 22:58:04.264998
3530|0|200|200.0|2024-05-25 22:58:06.325510
3531|1|200|200.0|2024-05-25 22:58:14.877825
3532|0|200|200.0|2024-05-25 22:58:17.090325
3533|1|200|200.0|2024-05-25 23:06:49.111085
3534|0|200|200.0|2024-05-25 23:06:51.137532
3535|1|200|200.0|2024-05-25 23:06:59.997155
3536|0|200|200.0|2024-05-25 23:07:02.153087
3537|1|200|200.0|2024-05-25 23:07:10.937436
3538|0|199|199.0|2024-05-25 23:07:13.015711
3539|1|200|200.0|2024-05-25 23:07:21.861219
3540|0|173|173.0|2024-05-25 23:07:22.424053
3541|1|200|200.0|2024-05-25 23:07:32.763025
3542|0|200|200.0|2024-05-25 23:07:33.433467
3543|0|184|184.0|2024-05-25 23:16:19.012144
3544|1|200|200.0|2024-05-25 23:16:19.297716
3545|0|200|200.0|2024-05-25 23:16:30.091291
3546|1|200|200.0|2024-05-25 23:16:30.326405
3547|0|200|200.0|2024-05-25 23:16:40.446154
3548|1|200|200.0|2024-05-25 23:16:40.728690
3549|0|200|200.0|2024-05-25 23:16:51.629426
3550|1|200|200.0|2024-05-25 23:16:52.097711
3551|0|200|200.0|2024-05-25 23:17:02.893908
3552|1|200|200.0|2024-05-25 23:17:03.185615
3553|0|200|200.0|2024-05-25 23:25:53.341566
3554|1|200|200.0|2024-05-25 23:25:53.602901
3555|0|188|188.0|2024-05-25 23:26:03.683031
3556|1|200|200.0|2024-05-25 23:26:04.579489
3557|1|159|159.0|2024-05-25 23:26:13.468290
3558|0|200|200.0|2024-05-25 23:26:14.711771
3559|1|200|200.0|2024-05-25 23:26:24.311693
3560|0|200|200.0|2024-05-25 23:26:25.728792
3561|1|200|200.0|2024-05-25 23:26:35.126354
3562|0|200|200.0|2024-05-25 23:26:36.386936
3563|1|200|200.0|2024-05-25 23:35:20.970507
3564|0|200|200.0|2024-05-25 23:35:22.137515
3565|1|200|200.0|2024-05-25 23:35:31.350727
3566|0|200|200.0|2024-05-25 23:35:32.652207
3567|1|200|200.0|2024-05-25 23:35:41.995763
3568|0|200|200.0|2024-05-25 23:35:43.436561
3569|1|200|200.0|2024-05-25 23:35:53.271129
3570|0|200|200.0|2024-05-25 23:35:54.600247
3571|1|200|200.0|2024-05-25 23:36:04.569102
3572|0|200|200.0|2024-05-25 23:36:05.822241
3573|1|200|200.0|2024-05-25 23:45:23.081586
3574|0|183|183.0|2024-05-25 23:45:23.510259
3575|1|200|200.0|2024-05-25 23:45:34.324509
3576|0|200|200.0|2024-05-25 23:45:34.782923
3577|0|175|175.0|2024-05-25 23:45:44.454114
3578|1|200|200.0|2024-05-25 23:45:45.400685
3579|1|27|27.0|2024-05-25 23:45:46.920142
3580|0|200|200.0|2024-05-25 23:45:55.510223
3581|1|200|200.0|2024-05-25 23:45:57.819223
3582|0|200|200.0|2024-05-25 23:46:05.985700
3583|1|200|200.0|2024-05-25 23:46:08.398049
3584|1|53|53.0|2024-05-25 23:54:47.839739
3585|0|200|200.0|2024-05-25 23:54:53.005374
3586|1|200|200.0|2024-05-25 23:54:58.137058
3587|0|200|200.0|2024-05-25 23:55:03.790782
3588|1|200|200.0|2024-05-25 23:55:09.366779
3589|0|200|200.0|2024-05-25 23:55:14.961634
3590|1|200|200.0|2024-05-25 23:55:20.309858
3591|0|200|200.0|2024-05-25 23:55:26.014201
3592|1|200|200.0|2024-05-25 23:55:31.473942
3593|0|200|200.0|2024-05-25 23:55:36.980231
3594|1|200|200.0|2024-05-26 00:04:17.870084
3595|0|195|195.0|2024-05-26 00:04:23.187632
3596|1|179|179.0|2024-05-26 00:04:27.699729
3597|0|154|154.0|2024-05-26 00:04:31.560117
3598|1|200|200.0|2024-05-26 00:04:38.626775
3599|0|154|154.0|2024-05-26 00:04:40.126444
3600|1|176|176.0|2024-05-26 00:04:48.337150
3601|0|185|185.0|2024-05-26 00:04:50.307405
3602|1|200|200.0|2024-05-26 00:04:59.152641
3603|0|200|200.0|2024-05-26 00:05:01.120516
3604|1|177|177.0|2024-05-26 00:05:08.688875
3605|0|200|200.0|2024-05-26 00:13:52.589610
3606|1|141|141.0|2024-05-26 00:13:57.182742
3607|0|146|146.0|2024-05-26 00:14:00.474122
3608|0|73|73.0|2024-05-26 00:14:04.284596
3609|1|186|186.0|2024-05-26 00:14:07.020390
3610|0|134|134.0|2024-05-26 00:14:11.608684
3611|1|172|172.0|2024-05-26 00:14:16.590021
3612|0|129|129.0|2024-05-26 00:14:18.801989
3613|1|174|174.0|2024-05-26 00:14:25.828426
3614|0|136|136.0|2024-05-26 00:14:25.980391
3615|1|141|141.0|2024-05-26 00:14:32.792510
3616|0|183|183.0|2024-05-26 00:14:34.907314
3617|1|196|196.0|2024-05-26 00:14:42.737962
3618|0|200|200.0|2024-05-26 00:23:17.155076
3619|1|157|157.0|2024-05-26 00:23:22.701224
3620|0|200|200.0|2024-05-26 00:23:27.664446
3621|1|200|200.0|2024-05-26 00:23:33.594274
3622|0|200|200.0|2024-05-26 00:23:38.485599
3623|1|200|200.0|2024-05-26 00:23:44.148714
3624|0|200|200.0|2024-05-26 00:23:49.256198
3625|1|176|176.0|2024-05-26 00:23:53.699464
3626|0|180|180.0|2024-05-26 00:23:58.657431
3627|1|200|200.0|2024-05-26 00:24:04.559017
3628|0|192|192.0|2024-05-26 00:32:53.332417
3629|1|156|156.0|2024-05-26 00:32:57.089908
3630|0|84|84.0|2024-05-26 00:32:57.963839
3631|1|200|200.0|2024-05-26 00:33:07.971782
3632|0|200|200.0|2024-05-26 00:33:08.956110
3633|1|200|200.0|2024-05-26 00:33:18.897977
3634|0|200|200.0|2024-05-26 00:33:19.768290
3635|1|200|200.0|2024-05-26 00:33:29.671456
3636|0|200|200.0|2024-05-26 00:33:30.589500
3637|1|194|194.0|2024-05-26 00:33:40.503046
3638|0|200|200.0|2024-05-26 00:33:41.660671
3639|1|168|168.0|2024-05-26 00:42:25.138778
3640|0|200|200.0|2024-05-26 00:42:28.149213
3641|1|128|128.0|2024-05-26 00:42:32.286846
3642|0|185|185.0|2024-05-26 00:42:38.421520
3643|1|149|149.0|2024-05-26 00:42:40.354759
3644|0|154|154.0|2024-05-26 00:42:46.367345
3645|1|160|160.0|2024-05-26 00:42:48.523511
3646|0|200|200.0|2024-05-26 00:42:56.380020
3647|1|169|169.0|2024-05-26 00:42:57.066219
3648|0|144|144.0|2024-05-26 00:43:03.500581
3649|1|137|137.0|2024-05-26 00:43:03.850764
3650|0|162|162.0|2024-05-26 00:43:12.363059
3651|1|156|156.0|2024-05-26 00:43:12.364133
3652|1|115|115.0|2024-05-26 00:51:48.721396
3653|0|155|155.0|2024-05-26 00:51:50.816053
3654|1|152|152.0|2024-05-26 00:51:56.587997
3655|0|135|135.0|2024-05-26 00:51:57.911766
3656|1|156|156.0|2024-05-26 00:52:04.848292
3657|0|148|148.0|2024-05-26 00:52:05.706402
3658|1|164|164.0|2024-05-26 00:52:13.591386
3659|0|166|166.0|2024-05-26 00:52:14.503604
3660|0|151|151.0|2024-05-26 00:52:22.402395
3661|1|176|176.0|2024-05-26 00:52:22.793951
3662|0|143|143.0|2024-05-26 00:52:29.465199
3663|1|153|153.0|2024-05-26 00:52:30.371324
3664|0|168|168.0|2024-05-26 01:01:08.716131
3665|1|161|161.0|2024-05-26 01:01:09.294160
3666|1|161|161.0|2024-05-26 01:01:18.098979
3667|0|200|200.0|2024-05-26 01:01:19.675306
3668|1|200|200.0|2024-05-26 01:01:28.612707
3669|0|200|200.0|2024-05-26 01:01:30.070537
3670|1|200|200.0|2024-05-26 01:01:39.525800
3671|0|200|200.0|2024-05-26 01:01:41.138615
3672|1|140|140.0|2024-05-26 01:01:47.243443
3673|0|198|198.0|2024-05-26 01:01:52.050865
3674|1|198|198.0|2024-05-26 01:01:58.605877
3675|0|200|200.0|2024-05-26 01:10:40.701128
3676|1|200|200.0|2024-05-26 01:10:46.833582
3677|0|200|200.0|2024-05-26 01:10:51.599884
3678|1|200|200.0|2024-05-26 01:10:57.593282
3679|0|198|198.0|2024-05-26 01:11:02.486601
3680|1|200|200.0|2024-05-26 01:11:09.053440
3681|0|200|200.0|2024-05-26 01:11:13.764975
3682|1|200|200.0|2024-05-26 01:11:20.157743
3683|0|200|200.0|2024-05-26 01:11:24.893745
3684|1|200|200.0|2024-05-26 01:11:31.068659
3685|1|16|16.0|2024-05-26 01:11:32.013582
3686|0|200|200.0|2024-05-26 01:20:22.285324
3687|1|200|200.0|2024-05-26 01:20:29.683283
3688|0|200|200.0|2024-05-26 01:20:33.530577
3689|1|200|200.0|2024-05-26 01:20:40.711175
3690|0|200|200.0|2024-05-26 01:20:44.721887
3691|1|200|200.0|2024-05-26 01:20:51.698728
3692|0|200|200.0|2024-05-26 01:20:55.284720
3693|1|200|200.0|2024-05-26 01:21:02.186781
3694|0|200|200.0|2024-05-26 01:21:06.018138
3695|1|200|200.0|2024-05-26 01:21:13.302189
3696|0|200|200.0|2024-05-26 01:30:01.577760
3697|1|200|200.0|2024-05-26 01:30:08.597702
3698|0|200|200.0|2024-05-26 01:30:12.368471
3699|1|200|200.0|2024-05-26 01:30:19.454356
3700|0|200|200.0|2024-05-26 01:30:23.504736
3701|1|200|200.0|2024-05-26 01:30:30.986555
3702|0|200|200.0|2024-05-26 01:30:35.092215
3703|1|200|200.0|2024-05-26 01:30:42.431712
3704|0|200|200.0|2024-05-26 01:30:46.375036
3705|1|200|200.0|2024-05-26 01:39:28.812976
3706|0|200|200.0|2024-05-26 01:39:32.799960
3707|1|200|200.0|2024-05-26 01:39:40.291639
3708|0|200|200.0|2024-05-26 01:39:44.150108
3709|1|200|200.0|2024-05-26 01:39:50.934215
3710|0|200|200.0|2024-05-26 01:39:54.694150
3711|1|200|200.0|2024-05-26 01:40:01.641290
3712|0|200|200.0|2024-05-26 01:40:05.502748
3713|1|200|200.0|2024-05-26 01:40:12.584242
3714|0|200|200.0|2024-05-26 01:40:16.340758
3715|1|200|200.0|2024-05-26 01:48:57.988847
3716|0|200|200.0|2024-05-26 01:49:01.937117
3717|1|200|200.0|2024-05-26 01:49:09.239122
3718|0|200|200.0|2024-05-26 01:49:13.296679
3719|1|200|200.0|2024-05-26 01:49:20.811362
3720|0|200|200.0|2024-05-26 01:49:24.949387
3721|1|118|118.0|2024-05-26 01:49:27.689797
3722|0|200|200.0|2024-05-26 01:49:35.831147
3723|1|200|200.0|2024-05-26 01:49:38.515286
3724|0|200|200.0|2024-05-26 01:49:46.497236
3725|1|200|200.0|2024-05-26 01:49:49.443473
3726|0|200|200.0|2024-05-26 01:59:15.919233
3727|1|200|200.0|2024-05-26 01:59:18.482679
3728|1|139|139.0|2024-05-26 01:59:25.994605
3729|0|200|200.0|2024-05-26 01:59:26.778154
3730|1|200|200.0|2024-05-26 01:59:37.320191
3731|0|200|200.0|2024-05-26 01:59:37.952099
3732|1|200|200.0|2024-05-26 01:59:47.753029
3733|0|200|200.0|2024-05-26 01:59:48.529477
3734|1|200|200.0|2024-05-26 01:59:58.559672
3735|0|200|200.0|2024-05-26 01:59:59.195861
3736|1|200|200.0|2024-05-26 02:09:20.378457
3737|0|200|200.0|2024-05-26 02:09:21.053496
3738|1|36|36.0|2024-05-26 02:09:22.351307
3739|0|200|200.0|2024-05-26 02:09:32.079658
3740|1|200|200.0|2024-05-26 02:09:33.365084
3741|0|188|188.0|2024-05-26 02:09:42.733932
3742|1|200|200.0|2024-05-26 02:09:44.713917
3743|0|175|175.0|2024-05-26 02:09:52.693937
3744|1|200|200.0|2024-05-26 02:09:56.128054
3745|0|138|138.0|2024-05-26 02:10:00.399040
3746|1|200|200.0|2024-05-26 02:10:07.044987
3747|0|200|200.0|2024-05-26 02:19:16.846532
3748|1|200|200.0|2024-05-26 02:19:23.606474
3749|0|200|200.0|2024-05-26 02:19:27.951118
3750|1|197|197.0|2024-05-26 02:19:34.511359
3751|0|158|158.0|2024-05-26 02:19:36.611975
3752|1|200|200.0|2024-05-26 02:19:45.502264
3753|0|200|200.0|2024-05-26 02:19:47.625655
3754|1|200|200.0|2024-05-26 02:19:56.341864
3755|0|200|200.0|2024-05-26 02:19:58.476859
3756|1|200|200.0|2024-05-26 02:20:07.347228
3757|0|200|200.0|2024-05-26 02:20:09.645922
3758|1|200|200.0|2024-05-26 02:28:48.606528
3759|0|164|164.0|2024-05-26 02:28:48.753787
3760|0|112|112.0|2024-05-26 02:28:54.939702
3761|1|180|180.0|2024-05-26 02:28:58.613533
3762|0|186|186.0|2024-05-26 02:29:05.384163
3763|1|200|200.0|2024-05-26 02:29:09.693269
3764|0|200|200.0|2024-05-26 02:29:16.435141
3765|1|200|200.0|2024-05-26 02:29:20.904332
3766|0|198|198.0|2024-05-26 02:29:27.384632
3767|1|199|199.0|2024-05-26 02:29:31.721439
3768|0|200|200.0|2024-05-26 02:38:06.703914
3769|1|187|187.0|2024-05-26 02:38:10.378350
3770|0|200|200.0|2024-05-26 02:38:17.708911
3771|1|158|158.0|2024-05-26 02:38:19.092186
3772|1|22|22.0|2024-05-26 02:38:20.371917
3773|0|200|200.0|2024-05-26 02:38:28.637304
3774|1|200|200.0|2024-05-26 02:38:31.570739
3775|0|200|200.0|2024-05-26 02:38:40.336553
3776|1|200|200.0|2024-05-26 02:38:43.086956
3777|0|200|200.0|2024-05-26 02:38:51.338003
3778|1|200|200.0|2024-05-26 02:38:53.918081
3779|0|163|163.0|2024-05-26 02:47:30.334185
3780|1|200|200.0|2024-05-26 02:47:34.992103
3781|0|187|187.0|2024-05-26 02:47:40.637380
3782|1|200|200.0|2024-05-26 02:47:46.043797
3783|0|188|188.0|2024-05-26 02:47:50.937681
3784|1|200|200.0|2024-05-26 02:47:57.185130
3785|0|200|200.0|2024-05-26 02:48:02.185758
3786|1|200|200.0|2024-05-26 02:48:08.427158
3787|0|200|200.0|2024-05-26 02:48:13.674949
3788|1|200|200.0|2024-05-26 02:48:19.992277
3789|0|200|200.0|2024-05-26 02:48:25.174146
3790|1|200|200.0|2024-05-26 02:57:00.316621
3791|0|200|200.0|2024-05-26 02:57:05.413839
3792|1|200|200.0|2024-05-26 02:57:11.368740
3793|0|200|200.0|2024-05-26 02:57:16.534491
3794|1|200|200.0|2024-05-26 02:57:22.631346
3795|0|200|200.0|2024-05-26 02:57:27.498988
3796|1|200|200.0|2024-05-26 02:57:33.450916
3797|0|200|200.0|2024-05-26 02:57:38.430353
3798|1|200|200.0|2024-05-26 02:57:44.421764
3799|0|200|200.0|2024-05-26 03:06:09.384302
3800|1|200|200.0|2024-05-26 03:06:15.549340
3801|0|200|200.0|2024-05-26 03:06:20.642866
3802|1|200|200.0|2024-05-26 03:06:26.904570
3803|0|200|200.0|2024-05-26 03:06:32.266344
3804|1|200|200.0|2024-05-26 03:06:38.352086
3805|0|200|200.0|2024-05-26 03:06:43.472414
3806|1|200|200.0|2024-05-26 03:06:49.625544
3807|0|200|200.0|2024-05-26 03:06:54.633047
3808|1|166|166.0|2024-05-26 03:06:58.577910
3809|0|200|200.0|2024-05-26 03:15:29.898141
3810|1|200|200.0|2024-05-26 03:15:33.811959
3811|1|120|120.0|2024-05-26 03:15:40.131783
3812|0|200|200.0|2024-05-26 03:15:40.353751
3813|1|200|200.0|2024-05-26 03:15:50.725734
3814|0|200|200.0|2024-05-26 03:15:50.993375
3815|1|200|200.0|2024-05-26 03:16:01.183428
3816|0|200|200.0|2024-05-26 03:16:01.376967
3817|1|200|200.0|2024-05-26 03:16:11.787671
3818|0|200|200.0|2024-05-26 03:16:12.074926
3819|1|200|200.0|2024-05-26 03:24:59.299377
3820|0|200|200.0|2024-05-26 03:24:59.644895
3821|1|200|200.0|2024-05-26 03:25:10.140113
3822|0|200|200.0|2024-05-26 03:25:10.477643
3823|0|175|175.0|2024-05-26 03:25:20.155061
3824|1|200|200.0|2024-05-26 03:25:21.323961
3825|0|200|200.0|2024-05-26 03:25:31.704046
3826|1|192|192.0|2024-05-26 03:25:32.414997
3827|0|200|200.0|2024-05-26 03:25:43.010260
3828|1|200|200.0|2024-05-26 03:25:43.823565
3829|0|200|200.0|2024-05-26 03:34:24.349001
3830|1|200|200.0|2024-05-26 03:34:25.003821
3831|0|200|200.0|2024-05-26 03:34:35.791502
3832|1|200|200.0|2024-05-26 03:34:36.420804
3833|0|200|200.0|2024-05-26 03:34:46.927922
3834|1|200|200.0|2024-05-26 03:34:47.671014
3835|0|200|200.0|2024-05-26 03:34:58.220882
3836|1|200|200.0|2024-05-26 03:34:58.846596
3837|0|200|200.0|2024-05-26 03:35:09.608269
3838|1|200|200.0|2024-05-26 03:35:10.164939
3839|0|200|200.0|2024-05-26 03:44:08.895979
3840|1|200|200.0|2024-05-26 03:44:09.477762
3841|0|200|200.0|2024-05-26 03:44:19.979741
3842|1|200|200.0|2024-05-26 03:44:20.714665
3843|0|200|200.0|2024-05-26 03:44:31.273235
3844|1|200|200.0|2024-05-26 03:44:31.830861
3845|0|200|200.0|2024-05-26 03:44:41.943442
3846|1|200|200.0|2024-05-26 03:44:42.577835
3847|0|200|200.0|2024-05-26 03:44:52.409592
3848|1|200|200.0|2024-05-26 03:44:52.968047
3849|0|200|200.0|2024-05-26 03:53:55.723107
3850|1|200|200.0|2024-05-26 03:53:56.644051
3851|0|200|200.0|2024-05-26 03:54:06.844323
3852|1|200|200.0|2024-05-26 03:54:07.550581
3853|0|200|200.0|2024-05-26 03:54:18.002337
3854|1|200|200.0|2024-05-26 03:54:18.648389
3855|0|200|200.0|2024-05-26 03:54:28.622995
3856|1|200|200.0|2024-05-26 03:54:29.265804
3857|0|200|200.0|2024-05-26 03:54:39.546839
3858|1|200|200.0|2024-05-26 03:54:40.290791
3859|0|200|200.0|2024-05-26 04:03:33.992473
3860|1|200|200.0|2024-05-26 04:03:34.590271
3861|0|200|200.0|2024-05-26 04:03:44.993998
3862|1|200|200.0|2024-05-26 04:03:45.671611
3863|0|200|200.0|2024-05-26 04:03:56.026922
3864|1|200|200.0|2024-05-26 04:03:56.662825
3865|0|200|200.0|2024-05-26 04:04:07.049014
3866|1|200|200.0|2024-05-26 04:04:07.756027
3867|0|200|200.0|2024-05-26 04:04:18.058109
3868|1|200|200.0|2024-05-26 04:04:18.747186
3869|0|200|200.0|2024-05-26 04:13:05.278612
3870|1|200|200.0|2024-05-26 04:13:05.921873
3871|0|200|200.0|2024-05-26 04:13:16.204818
3872|1|200|200.0|2024-05-26 04:13:16.839422
3873|0|200|200.0|2024-05-26 04:13:26.878511
3874|1|200|200.0|2024-05-26 04:13:27.496585
3875|0|200|200.0|2024-05-26 04:13:38.225152
3876|1|200|200.0|2024-05-26 04:13:38.856413
3877|0|200|200.0|2024-05-26 04:13:49.215895
3878|1|200|200.0|2024-05-26 04:13:49.861632
3879|0|200|200.0|2024-05-26 04:22:32.180491
3880|1|200|200.0|2024-05-26 04:22:32.895424
3881|0|200|200.0|2024-05-26 04:22:43.298706
3882|1|200|200.0|2024-05-26 04:22:43.942700
3883|0|200|200.0|2024-05-26 04:22:54.248133
3884|1|200|200.0|2024-05-26 04:22:54.972040
3885|0|200|200.0|2024-05-26 04:23:05.046046
3886|1|200|200.0|2024-05-26 04:23:05.791927
3887|0|200|200.0|2024-05-26 04:23:16.369374
3888|1|200|200.0|2024-05-26 04:23:17.053480
3889|0|200|200.0|2024-05-26 04:32:01.712444
3890|1|200|200.0|2024-05-26 04:32:02.373944
3891|1|175|175.0|2024-05-26 04:32:11.757872
3892|0|200|200.0|2024-05-26 04:32:12.449378
3893|1|175|175.0|2024-05-26 04:32:21.259107
3894|0|200|200.0|2024-05-26 04:32:23.201432
3895|1|200|200.0|2024-05-26 04:32:31.677269
3896|0|200|200.0|2024-05-26 04:32:33.576178
3897|1|200|200.0|2024-05-26 04:32:42.227428
3898|0|194|194.0|2024-05-26 04:32:43.972007
3899|1|179|179.0|2024-05-26 04:32:51.884410
3900|0|200|200.0|2024-05-26 04:41:20.440894
3901|1|200|200.0|2024-05-26 04:41:27.904316
3902|0|200|200.0|2024-05-26 04:41:30.830805
3903|1|200|200.0|2024-05-26 04:41:38.439289
3904|0|170|170.0|2024-05-26 04:41:39.645988
3905|1|200|200.0|2024-05-26 04:41:49.244679
3906|0|200|200.0|2024-05-26 04:41:50.478894
3907|1|200|200.0|2024-05-26 04:41:59.417469
3908|0|200|200.0|2024-05-26 04:42:00.573423
3909|1|200|200.0|2024-05-26 04:50:34.942053
3910|0|200|200.0|2024-05-26 04:50:36.004990
3911|1|200|200.0|2024-05-26 04:50:44.723467
3912|0|200|200.0|2024-05-26 04:50:45.782126
3913|0|13|13.0|2024-05-26 04:50:46.417210
3914|1|200|200.0|2024-05-26 04:50:54.479507
3915|0|200|200.0|2024-05-26 04:50:56.234488
3916|1|200|200.0|2024-05-26 04:51:04.207391
3917|0|200|200.0|2024-05-26 04:51:06.004727
3918|1|200|200.0|2024-05-26 04:51:14.349484
3919|0|189|189.0|2024-05-26 04:51:15.448580
3920|1|200|200.0|2024-05-26 04:59:40.171926
3921|0|200|200.0|2024-05-26 04:59:41.415190
3922|1|185|185.0|2024-05-26 04:59:50.016454
3923|0|200|200.0|2024-05-26 04:59:51.969222
3924|1|200|200.0|2024-05-26 05:00:00.265921
3925|0|200|200.0|2024-05-26 05:00:02.520000
3926|1|200|200.0|2024-05-26 05:00:10.711479
3927|0|200|200.0|2024-05-26 05:00:12.837452
3928|1|200|200.0|2024-05-26 05:00:21.419835
3929|0|200|200.0|2024-05-26 05:00:23.595371
3930|1|193|193.0|2024-05-26 05:08:52.446355
3931|0|200|200.0|2024-05-26 05:08:55.023095
3932|1|200|200.0|2024-05-26 05:09:03.545982
3933|0|173|173.0|2024-05-26 05:09:04.589744
3934|1|200|200.0|2024-05-26 05:09:14.361903
3935|0|200|200.0|2024-05-26 05:09:15.495286
3936|1|165|165.0|2024-05-26 05:09:23.285647
3937|0|185|185.0|2024-05-26 05:09:25.265637
3938|1|173|173.0|2024-05-26 05:09:32.278274
3939|0|200|200.0|2024-05-26 05:09:35.660265
3940|1|200|200.0|2024-05-26 05:09:42.894669
3941|0|179|179.0|2024-05-26 05:09:45.293115
3942|1|200|200.0|2024-05-26 05:18:05.537479
3943|0|189|189.0|2024-05-26 05:18:07.280442
3944|1|200|200.0|2024-05-26 05:18:16.147246
3945|0|183|183.0|2024-05-26 05:18:17.205078
3946|1|194|194.0|2024-05-26 05:18:26.570889
3947|0|200|200.0|2024-05-26 05:18:27.930059
3948|0|156|156.0|2024-05-26 05:18:36.406929
3949|1|200|200.0|2024-05-26 05:18:37.539888
3950|0|129|129.0|2024-05-26 05:18:43.537561
3951|1|147|147.0|2024-05-26 05:18:45.668530
3952|0|158|158.0|2024-05-26 05:27:02.396634
3953|1|180|180.0|2024-05-26 05:27:05.563425
3954|1|130|130.0|2024-05-26 05:27:12.485605
3955|0|200|200.0|2024-05-26 05:27:12.929022
3956|1|119|119.0|2024-05-26 05:27:18.466028
3957|0|200|200.0|2024-05-26 05:27:23.492217
3958|1|168|168.0|2024-05-26 05:27:27.774354
3959|0|200|200.0|2024-05-26 05:27:34.185346
3960|1|132|132.0|2024-05-26 05:27:34.602684
3961|0|155|155.0|2024-05-26 05:27:42.394750
3962|1|187|187.0|2024-05-26 05:27:44.609906
3963|0|100|100.0|2024-05-26 05:27:47.852678
3964|1|128|128.0|2024-05-26 05:27:51.584439
3965|0|127|127.0|2024-05-26 05:36:15.090458
3966|1|176|176.0|2024-05-26 05:36:20.985564
3967|0|179|179.0|2024-05-26 05:36:24.110168
3968|1|200|200.0|2024-05-26 05:36:31.513865
3969|0|140|140.0|2024-05-26 05:36:31.574259
3970|1|141|141.0|2024-05-26 05:36:39.137122
3971|0|150|150.0|2024-05-26 05:36:39.691168
3972|1|117|117.0|2024-05-26 05:36:45.543113
3973|0|126|126.0|2024-05-26 05:36:46.546711
3974|0|119|119.0|2024-05-26 05:36:52.965914
3975|1|178|178.0|2024-05-26 05:36:55.214964
3976|0|130|130.0|2024-05-26 05:37:00.307101
3977|1|148|148.0|2024-05-26 05:37:03.476172
3978|0|129|129.0|2024-05-26 05:37:07.381233
3979|1|139|139.0|2024-05-26 05:45:25.287722
3980|0|116|116.0|2024-05-26 05:45:27.859363
3981|1|120|120.0|2024-05-26 05:45:31.588618
3982|0|200|200.0|2024-05-26 05:45:38.326953
3983|1|166|166.0|2024-05-26 05:45:40.371230
3984|0|132|132.0|2024-05-26 05:45:45.533761
3985|1|118|118.0|2024-05-26 05:45:46.868972
3986|0|175|175.0|2024-05-26 05:45:55.158733
3987|1|161|161.0|2024-05-26 05:45:55.674280
3988|1|128|128.0|2024-05-26 05:46:02.893918
3989|0|145|145.0|2024-05-26 05:46:03.316829
3990|0|142|142.0|2024-05-26 05:46:10.800119
3991|1|200|200.0|2024-05-26 05:46:13.342973
3992|0|156|156.0|2024-05-26 05:54:27.565055
3993|1|151|151.0|2024-05-26 05:54:30.072269
3994|0|116|116.0|2024-05-26 05:54:33.854456
3995|1|152|152.0|2024-05-26 05:54:38.274262
3996|0|138|138.0|2024-05-26 05:54:41.061596
3997|1|100|100.0|2024-05-26 05:54:43.422248
3998|0|128|128.0|2024-05-26 05:54:47.966214
3999|1|128|128.0|2024-05-26 05:54:50.357225
4000|0|127|127.0|2024-05-26 05:54:54.760996
4001|1|170|170.0|2024-05-26 05:54:59.444393
4002|0|124|124.0|2024-05-26 05:55:01.380881
4003|0|59|59.0|2024-05-26 05:55:04.515553
4004|1|172|172.0|2024-05-26 05:55:08.545579
4005|0|175|175.0|2024-05-26 05:55:14.067970
4006|1|102|102.0|2024-05-26 05:55:14.179851
4007|0|99|99.0|2024-05-26 06:03:32.405756
4008|1|187|187.0|2024-05-26 06:03:37.165151
4009|0|133|133.0|2024-05-26 06:03:39.273901
4010|0|132|132.0|2024-05-26 06:03:45.903688
4011|1|185|185.0|2024-05-26 06:03:46.506110
4012|1|138|138.0|2024-05-26 06:03:53.706297
4013|0|200|200.0|2024-05-26 06:03:56.370518
4014|1|111|111.0|2024-05-26 06:03:59.507917
4015|1|123|123.0|2024-05-26 06:04:05.957390
4016|0|192|192.0|2024-05-26 06:04:06.437831
4017|1|192|192.0|2024-05-26 06:04:15.928414
4018|0|192|192.0|2024-05-26 06:04:16.420482
4019|0|148|148.0|2024-05-26 06:12:35.575944
4020|1|159|159.0|2024-05-26 06:12:35.717610
4021|0|128|128.0|2024-05-26 06:12:42.204222
4022|1|131|131.0|2024-05-26 06:12:42.397813
4023|1|112|112.0|2024-05-26 06:12:48.387052
4024|0|200|200.0|2024-05-26 06:12:52.647565
4025|1|104|104.0|2024-05-26 06:12:53.961773
4026|0|107|107.0|2024-05-26 06:12:58.406790
4027|1|200|200.0|2024-05-26 06:13:04.258208
4028|0|200|200.0|2024-05-26 06:13:08.796593
4029|1|108|108.0|2024-05-26 06:13:09.990973
4030|0|142|142.0|2024-05-26 06:13:16.171738
4031|1|200|200.0|2024-05-26 06:13:20.397668
4032|0|105|105.0|2024-05-26 06:13:21.667507
4033|0|125|125.0|2024-05-26 06:21:36.557467
4034|1|160|160.0|2024-05-26 06:21:37.137260
4035|0|185|185.0|2024-05-26 06:21:45.996992
4036|1|200|200.0|2024-05-26 06:21:47.234982
4037|1|130|130.0|2024-05-26 06:21:53.951386
4038|0|173|173.0|2024-05-26 06:21:54.862459
4039|1|193|193.0|2024-05-26 06:22:03.828360
4040|0|200|200.0|2024-05-26 06:22:05.181565
4041|1|200|200.0|2024-05-26 06:22:14.056699
4042|0|192|192.0|2024-05-26 06:22:14.958196
4043|0|173|173.0|2024-05-26 06:22:23.735668
4044|1|200|200.0|2024-05-26 06:22:24.158669
4045|1|100|100.0|2024-05-26 06:30:39.312250
4046|0|148|148.0|2024-05-26 06:30:41.179829
4047|1|124|124.0|2024-05-26 06:30:45.468249
4048|0|165|165.0|2024-05-26 06:30:49.686034
4049|1|200|200.0|2024-05-26 06:30:56.088814
4050|0|187|187.0|2024-05-26 06:30:59.407429
4051|1|177|177.0|2024-05-26 06:31:05.287536
4052|0|200|200.0|2024-05-26 06:31:09.937504
4053|1|164|164.0|2024-05-26 06:31:14.160667
4054|1|54|54.0|2024-05-26 06:31:16.912151
4055|0|158|158.0|2024-05-26 06:31:18.374382
4056|1|64|64.0|2024-05-26 06:31:20.162079
4057|0|125|125.0|2024-05-26 06:31:24.718088
4058|1|135|135.0|2024-05-26 06:39:39.175735
4059|0|200|200.0|2024-05-26 06:39:47.977175
4060|1|182|182.0|2024-05-26 06:39:49.417673
4061|0|122|122.0|2024-05-26 06:39:54.444428
4062|1|196|196.0|2024-05-26 06:39:59.810842
4063|0|200|200.0|2024-05-26 06:40:05.217847
4064|1|179|179.0|2024-05-26 06:40:09.406232
4065|0|200|200.0|2024-05-26 06:40:15.728322
4066|1|197|197.0|2024-05-26 06:40:19.725594
4067|0|131|131.0|2024-05-26 06:40:22.564183
4068|1|200|200.0|2024-05-26 06:40:30.049040
4069|0|200|200.0|2024-05-26 06:48:37.792103
4070|0|36|36.0|2024-05-26 06:48:39.642306
4071|1|200|200.0|2024-05-26 06:48:45.427300
4072|0|200|200.0|2024-05-26 06:48:50.375688
4073|1|200|200.0|2024-05-26 06:48:56.028472
4074|0|170|170.0|2024-05-26 06:48:59.229491
4075|1|139|139.0|2024-05-26 06:49:03.487024
4076|0|178|178.0|2024-05-26 06:49:08.730320
4077|1|168|168.0|2024-05-26 06:49:12.602084
4078|0|200|200.0|2024-05-26 06:49:19.818599
4079|1|145|145.0|2024-05-26 06:49:20.651646
4080|0|200|200.0|2024-05-26 06:57:42.090410
4081|1|200|200.0|2024-05-26 06:57:42.813295
4082|0|156|156.0|2024-05-26 06:57:50.335318
4083|1|200|200.0|2024-05-26 06:57:53.360851
4084|0|155|155.0|2024-05-26 06:57:58.601377
4085|1|200|200.0|2024-05-26 06:58:03.878888
4086|0|200|200.0|2024-05-26 06:58:09.022965
4087|1|200|200.0|2024-05-26 06:58:14.324683
4088|0|200|200.0|2024-05-26 06:58:19.283989
4089|1|200|200.0|2024-05-26 06:58:24.662234
4090|0|200|200.0|2024-05-26 06:58:29.826368
4091|1|200|200.0|2024-05-26 07:06:45.366770
4092|0|200|200.0|2024-05-26 07:06:50.618870
4093|1|200|200.0|2024-05-26 07:06:56.163504
4094|0|188|188.0|2024-05-26 07:07:00.530136
4095|1|120|120.0|2024-05-26 07:07:02.438833
4096|1|145|145.0|2024-05-26 07:07:10.041499
4097|0|187|187.0|2024-05-26 07:07:10.376453
4098|1|200|200.0|2024-05-26 07:07:20.949625
4099|0|200|200.0|2024-05-26 07:07:21.369308
4100|1|131|131.0|2024-05-26 07:07:28.030590
4101|0|200|200.0|2024-05-26 07:07:31.898762
4102|1|200|200.0|2024-05-26 07:15:47.672932
4103|0|141|141.0|2024-05-26 07:15:48.601814
4104|1|140|140.0|2024-05-26 07:15:55.184058
4105|0|173|173.0|2024-05-26 07:15:57.718213
4106|1|200|200.0|2024-05-26 07:16:05.972656
4107|0|189|189.0|2024-05-26 07:16:08.198268
4108|1|165|165.0|2024-05-26 07:16:15.270857
4109|0|161|161.0|2024-05-26 07:16:17.035198
4110|0|137|137.0|2024-05-26 07:16:24.533901
4111|1|200|200.0|2024-05-26 07:16:26.012792
4112|0|138|138.0|2024-05-26 07:16:31.915219
4113|1|196|196.0|2024-05-26 07:16:36.435279
4114|0|200|200.0|2024-05-26 07:24:51.549478
4115|1|156|156.0|2024-05-26 07:24:53.818478
4116|0|133|133.0|2024-05-26 07:24:58.907092
4117|1|124|124.0|2024-05-26 07:25:00.581144
4118|0|200|200.0|2024-05-26 07:25:09.949312
4119|1|200|200.0|2024-05-26 07:25:11.688150
4120|0|174|174.0|2024-05-26 07:25:19.259687
4121|1|177|177.0|2024-05-26 07:25:21.199103
4122|0|200|200.0|2024-05-26 07:25:30.293244
4123|1|200|200.0|2024-05-26 07:25:32.335159
4124|0|173|173.0|2024-05-26 07:25:39.520801
4125|1|200|200.0|2024-05-26 07:34:08.272884
4126|0|200|200.0|2024-05-26 07:34:15.819297
4127|1|155|155.0|2024-05-26 07:34:16.738554
4128|0|200|200.0|2024-05-26 07:34:26.341118
4129|1|183|183.0|2024-05-26 07:34:26.379007
4130|0|200|200.0|2024-05-26 07:34:37.191007
4131|1|200|200.0|2024-05-26 07:34:37.226923
4132|0|200|200.0|2024-05-26 07:34:47.872500
4133|1|200|200.0|2024-05-26 07:34:47.942677
4134|0|200|200.0|2024-05-26 07:34:58.654212
4135|1|200|200.0|2024-05-26 07:34:58.723660
4136|0|200|200.0|2024-05-26 07:43:22.288896
4137|1|200|200.0|2024-05-26 07:43:22.324919
4138|0|158|158.0|2024-05-26 07:43:30.949818
4139|1|175|175.0|2024-05-26 07:43:31.991391
4140|1|151|151.0|2024-05-26 07:43:40.147031
4141|0|200|200.0|2024-05-26 07:43:41.718776
4142|1|174|174.0|2024-05-26 07:43:49.696639
4143|0|200|200.0|2024-05-26 07:43:52.678790
4144|1|200|200.0|2024-05-26 07:44:00.286195
4145|0|200|200.0|2024-05-26 07:44:03.296550
4146|1|175|175.0|2024-05-26 07:52:21.652278
4147|0|200|200.0|2024-05-26 07:52:25.918771
4148|1|163|163.0|2024-05-26 07:52:30.100620
4149|0|192|192.0|2024-05-26 07:52:35.927286
4150|1|158|158.0|2024-05-26 07:52:38.489519
4151|0|160|160.0|2024-05-26 07:52:44.298618
4152|1|200|200.0|2024-05-26 07:52:48.850350
4153|0|150|150.0|2024-05-26 07:52:52.278840
4154|1|147|147.0|2024-05-26 07:52:56.673138
4155|0|178|178.0|2024-05-26 07:53:01.515933
4156|1|157|157.0|2024-05-26 07:53:04.560124
4157|0|185|185.0|2024-05-26 08:01:27.031754
4158|1|143|143.0|2024-05-26 08:01:28.167179
4159|1|138|138.0|2024-05-26 08:01:35.500006
4160|0|173|173.0|2024-05-26 08:01:36.279690
4161|1|176|176.0|2024-05-26 08:01:45.255856
4162|0|176|176.0|2024-05-26 08:01:45.893243
4163|1|155|155.0|2024-05-26 08:01:53.528006
4164|0|199|199.0|2024-05-26 08:01:56.666934
4165|1|157|157.0|2024-05-26 08:02:01.997835
4166|0|200|200.0|2024-05-26 08:02:07.348652
4167|1|136|136.0|2024-05-26 08:02:09.236802
4168|0|152|152.0|2024-05-26 08:02:15.764861
4169|1|186|186.0|2024-05-26 08:02:19.417009
4170|0|194|194.0|2024-05-26 08:10:43.887314
4171|1|195|195.0|2024-05-26 08:10:47.594517
4172|0|200|200.0|2024-05-26 08:10:54.133550
4173|1|200|200.0|2024-05-26 08:10:57.953361
4174|1|45|45.0|2024-05-26 08:11:00.127414
4175|0|200|200.0|2024-05-26 08:11:04.809113
4176|1|200|200.0|2024-05-26 08:11:10.902118
4177|0|147|147.0|2024-05-26 08:11:12.705883
4178|1|200|200.0|2024-05-26 08:11:21.294513
4179|0|200|200.0|2024-05-26 08:11:22.953517
4180|1|137|137.0|2024-05-26 08:11:28.087698
4181|0|186|186.0|2024-05-26 08:19:50.390975
4182|1|200|200.0|2024-05-26 08:19:56.809491
4183|0|200|200.0|2024-05-26 08:20:01.119425
4184|1|200|200.0|2024-05-26 08:20:07.733512
4185|0|200|200.0|2024-05-26 08:20:12.077247
4186|1|200|200.0|2024-05-26 08:20:18.600685
4187|0|196|196.0|2024-05-26 08:20:22.869303
4188|1|200|200.0|2024-05-26 08:20:28.988607
4189|0|200|200.0|2024-05-26 08:20:32.981062
4190|1|200|200.0|2024-05-26 08:20:39.354094
4191|0|200|200.0|2024-05-26 08:29:06.268865
4192|1|200|200.0|2024-05-26 08:29:12.555681
4193|0|200|200.0|2024-05-26 08:29:16.649955
4194|1|200|200.0|2024-05-26 08:29:22.903294
4195|0|180|180.0|2024-05-26 08:29:25.979097
4196|1|197|197.0|2024-05-26 08:29:33.240386
4197|0|171|171.0|2024-05-26 08:29:34.863401
4198|1|163|163.0|2024-05-26 08:29:42.071217
4199|0|200|200.0|2024-05-26 08:29:45.613639
4200|1|153|153.0|2024-05-26 08:29:50.325292
4201|0|200|200.0|2024-05-26 08:39:03.217801
4202|1|149|149.0|2024-05-26 08:39:05.122602
4203|0|124|124.0|2024-05-26 08:39:10.034718
4204|0|58|58.0|2024-05-26 08:39:13.206521
4205|1|184|184.0|2024-05-26 08:39:15.274199
4206|0|190|190.0|2024-05-26 08:39:23.639750
4207|1|160|160.0|2024-05-26 08:39:23.970838
4208|0|200|200.0|2024-05-26 08:39:34.363831
4209|1|200|200.0|2024-05-26 08:39:34.793586
4210|1|165|165.0|2024-05-26 08:39:44.173367
4211|0|185|185.0|2024-05-26 08:39:44.985682
4212|1|200|200.0|2024-05-26 08:39:55.170546
4213|0|192|192.0|2024-05-26 08:39:55.439144
4214|1|153|153.0|2024-05-26 08:48:28.003304
4215|0|200|200.0|2024-05-26 08:48:30.922194
4216|1|134|134.0|2024-05-26 08:48:35.274747
4217|0|147|147.0|2024-05-26 08:48:38.671015
4218|1|187|187.0|2024-05-26 08:48:45.047760
4219|0|181|181.0|2024-05-26 08:48:48.280646
4220|1|149|149.0|2024-05-26 08:48:53.093233
4221|0|140|140.0|2024-05-26 08:48:55.877425
4222|1|171|171.0|2024-05-26 08:49:02.605929
4223|0|176|176.0|2024-05-26 08:49:05.589070
4224|1|200|200.0|2024-05-26 08:49:13.632865
4225|0|172|172.0|2024-05-26 08:57:36.559582
4226|1|167|167.0|2024-05-26 08:57:43.948357
4227|0|156|156.0|2024-05-26 08:57:44.887190
4228|1|168|168.0|2024-05-26 08:57:52.537195
4229|0|182|182.0|2024-05-26 08:57:54.159424
4230|0|134|134.0|2024-05-26 08:58:01.343681
4231|1|200|200.0|2024-05-26 08:58:03.066891
4232|1|145|145.0|2024-05-26 08:58:10.699507
4233|0|181|181.0|2024-05-26 08:58:10.779635
4234|0|131|131.0|2024-05-26 08:58:17.819032
4235|1|146|146.0|2024-05-26 08:58:18.489706
4236|0|182|182.0|2024-05-26 08:58:27.341556
4237|1|200|200.0|2024-05-26 09:06:46.144416
4238|0|127|127.0|2024-05-26 09:06:51.260993
4239|1|180|180.0|2024-05-26 09:06:55.874987
4240|0|143|143.0|2024-05-26 09:06:58.817765
4241|1|146|146.0|2024-05-26 09:07:03.443391
4242|0|191|191.0|2024-05-26 09:07:08.755733
4243|1|158|158.0|2024-05-26 09:07:11.762197
4244|0|133|133.0|2024-05-26 09:07:15.918142
4245|1|143|143.0|2024-05-26 09:07:19.409042
4246|0|138|138.0|2024-05-26 09:07:23.438316
4247|1|128|128.0|2024-05-26 09:07:26.525336
4248|0|177|177.0|2024-05-26 09:07:33.315169
4249|1|153|153.0|2024-05-26 09:07:34.843502
4250|1|140|140.0|2024-05-26 09:16:04.951334
4251|0|200|200.0|2024-05-26 09:16:06.608443
4252|1|109|109.0|2024-05-26 09:16:11.072972
4253|0|165|165.0|2024-05-26 09:16:15.729038
4254|1|137|137.0|2024-05-26 09:16:18.388666
4255|0|130|130.0|2024-05-26 09:16:22.411372
4256|1|136|136.0|2024-05-26 09:16:25.484826
4257|0|151|151.0|2024-05-26 09:16:30.365712
4258|1|200|200.0|2024-05-26 09:16:36.167854
4259|0|122|122.0|2024-05-26 09:16:36.881547
4260|0|126|126.0|2024-05-26 09:16:43.520027
4261|1|141|141.0|2024-05-26 09:16:43.520825
4262|0|135|135.0|2024-05-26 09:16:50.609622
4263|1|145|145.0|2024-05-26 09:16:51.096501
4264|0|121|121.0|2024-05-26 09:25:19.694232
4265|1|126|126.0|2024-05-26 09:25:20.439794
4266|0|164|164.0|2024-05-26 09:25:28.374514
4267|1|181|181.0|2024-05-26 09:25:30.001649
4268|0|156|156.0|2024-05-26 09:25:36.794277
4269|1|200|200.0|2024-05-26 09:25:40.869805
4270|0|200|200.0|2024-05-26 09:25:47.288500
4271|1|190|190.0|2024-05-26 09:25:50.862591
4272|0|146|146.0|2024-05-26 09:25:54.887004
4273|1|113|113.0|2024-05-26 09:25:56.519027
4274|0|177|177.0|2024-05-26 09:26:03.911779
4275|1|161|161.0|2024-05-26 09:26:05.042048
4276|0|128|128.0|2024-05-26 09:34:31.052678
4277|1|166|166.0|2024-05-26 09:34:33.788224
4278|0|179|179.0|2024-05-26 09:34:40.294418
4279|1|200|200.0|2024-05-26 09:34:44.200403
4280|0|170|170.0|2024-05-26 09:34:49.227647
4281|1|120|120.0|2024-05-26 09:34:50.564442
4282|1|27|27.0|2024-05-26 09:34:52.090469
4283|0|177|177.0|2024-05-26 09:34:58.636096
4284|1|151|151.0|2024-05-26 09:35:00.080269
4285|0|159|159.0|2024-05-26 09:35:07.613423
4286|1|200|200.0|2024-05-26 09:35:11.314053
4287|0|190|190.0|2024-05-26 09:35:18.152182
4288|1|169|169.0|2024-05-26 09:35:20.651798
4289|0|194|194.0|2024-05-26 09:43:46.096901
4290|1|200|200.0|2024-05-26 09:43:48.878652
4291|0|166|166.0|2024-05-26 09:43:55.112060
4292|1|143|143.0|2024-05-26 09:43:56.641516
4293|0|200|200.0|2024-05-26 09:44:05.719980
4294|1|172|172.0|2024-05-26 09:44:05.826241
4295|0|173|173.0|2024-05-26 09:44:14.444237
4296|1|200|200.0|2024-05-26 09:44:15.895607
4297|0|200|200.0|2024-05-26 09:44:24.396230
4298|1|179|179.0|2024-05-26 09:44:24.788471
4299|0|200|200.0|2024-05-26 09:52:53.934705
4300|1|200|200.0|2024-05-26 09:52:54.466268
4301|1|175|175.0|2024-05-26 09:53:03.967158
4302|0|200|200.0|2024-05-26 09:53:04.945515
4303|1|200|200.0|2024-05-26 09:53:14.820348
4304|0|193|193.0|2024-05-26 09:53:15.372262
4305|1|200|200.0|2024-05-26 09:53:25.390725
4306|0|200|200.0|2024-05-26 09:53:25.819709
4307|1|167|167.0|2024-05-26 09:53:34.312026
4308|0|200|200.0|2024-05-26 09:53:36.629878
4309|1|200|200.0|2024-05-26 10:02:49.952533
4310|0|200|200.0|2024-05-26 10:02:52.114872
4311|1|200|200.0|2024-05-26 10:03:00.425793
4312|0|200|200.0|2024-05-26 10:03:02.578666
4313|0|143|143.0|2024-05-26 10:03:10.091412
4314|1|186|186.0|2024-05-26 10:03:10.092242
4315|0|149|149.0|2024-05-26 10:03:17.840429
4316|1|200|200.0|2024-05-26 10:03:20.565772
4317|0|200|200.0|2024-05-26 10:03:28.403440
4318|1|200|200.0|2024-05-26 10:03:31.270424
4319|0|200|200.0|2024-05-26 10:03:39.067603
4320|1|189|189.0|2024-05-26 10:03:41.204731
4321|0|166|166.0|2024-05-26 10:12:19.721723
4322|1|132|132.0|2024-05-26 10:12:20.073755
4323|0|152|152.0|2024-05-26 10:12:28.178615
4324|1|200|200.0|2024-05-26 10:12:31.302845
4325|0|200|200.0|2024-05-26 10:12:39.201579
4326|1|200|200.0|2024-05-26 10:12:41.856439
4327|1|86|86.0|2024-05-26 10:12:46.490719
4328|0|200|200.0|2024-05-26 10:12:49.638356
4329|1|200|200.0|2024-05-26 10:12:56.927368
4330|0|200|200.0|2024-05-26 10:12:59.988069
4331|1|200|200.0|2024-05-26 10:21:46.518423
4332|0|200|200.0|2024-05-26 10:21:49.726295
4333|1|200|200.0|2024-05-26 10:21:57.049984
4334|0|167|167.0|2024-05-26 10:21:58.464456
4335|1|165|165.0|2024-05-26 10:22:05.701084
4336|0|159|159.0|2024-05-26 10:22:06.798469
4337|1|200|200.0|2024-05-26 10:22:16.515311
4338|0|200|200.0|2024-05-26 10:22:17.590870
4339|1|186|186.0|2024-05-26 10:22:26.688682
4340|0|182|182.0|2024-05-26 10:22:27.517390
4341|0|160|160.0|2024-05-26 10:22:36.118567
4342|1|191|191.0|2024-05-26 10:22:36.918641
4343|1|154|154.0|2024-05-26 10:32:07.698234
4344|0|200|200.0|2024-05-26 10:32:09.416934
4345|1|200|200.0|2024-05-26 10:32:18.033964
4346|0|200|200.0|2024-05-26 10:32:19.790569
4347|1|200|200.0|2024-05-26 10:32:28.763264
4348|0|200|200.0|2024-05-26 10:32:30.456831
4349|1|200|200.0|2024-05-26 10:32:39.033467
4350|0|200|200.0|2024-05-26 10:32:40.946040
4351|1|200|200.0|2024-05-26 10:32:49.577147
4352|0|200|200.0|2024-05-26 10:32:51.106040
4353|1|200|200.0|2024-05-26 10:41:57.381850
4354|0|200|200.0|2024-05-26 10:41:59.098882
4355|1|200|200.0|2024-05-26 10:42:08.247764
4356|0|200|200.0|2024-05-26 10:42:09.993580
4357|1|187|187.0|2024-05-26 10:42:18.466368
4358|0|193|193.0|2024-05-26 10:42:20.809014
4359|1|200|200.0|2024-05-26 10:42:29.673772
4360|0|200|200.0|2024-05-26 10:42:31.671475
4361|1|200|200.0|2024-05-26 10:42:40.296929
4362|0|165|165.0|2024-05-26 10:42:40.459406
4363|0|194|194.0|2024-05-26 10:51:48.143620
4364|1|200|200.0|2024-05-26 10:51:48.329610
4365|1|128|128.0|2024-05-26 10:51:54.936154
4366|0|148|148.0|2024-05-26 10:51:55.874629
4367|0|134|134.0|2024-05-26 10:52:02.576358
4368|1|200|200.0|2024-05-26 10:52:05.127360
4369|0|188|188.0|2024-05-26 10:52:12.418009
4370|1|200|200.0|2024-05-26 10:52:15.697674
4371|0|154|154.0|2024-05-26 10:52:20.616593
4372|1|175|175.0|2024-05-26 10:52:24.960537
4373|0|187|187.0|2024-05-26 10:52:30.579448
4374|1|194|194.0|2024-05-26 11:02:14.254813
4375|0|200|200.0|2024-05-26 11:02:20.494098
4376|1|200|200.0|2024-05-26 11:02:25.206426
4377|0|200|200.0|2024-05-26 11:02:31.142110
4378|1|172|172.0|2024-05-26 11:02:34.381972
4379|0|200|200.0|2024-05-26 11:02:41.464015
4380|1|152|152.0|2024-05-26 11:02:42.126997
4381|0|200|200.0|2024-05-26 11:02:51.950272
4382|1|200|200.0|2024-05-26 11:02:52.661196
4383|1|155|155.0|2024-05-26 11:03:00.295744
4384|0|174|174.0|2024-05-26 11:03:00.578581
4385|1|179|179.0|2024-05-26 11:12:45.504421
4386|0|200|200.0|2024-05-26 11:12:46.922487
4387|1|173|173.0|2024-05-26 11:12:54.674204
4388|0|193|193.0|2024-05-26 11:12:57.088732
4389|1|158|158.0|2024-05-26 11:13:03.148301
4390|0|156|156.0|2024-05-26 11:13:05.446661
4391|1|153|153.0|2024-05-26 11:13:10.793607
4392|0|161|161.0|2024-05-26 11:13:13.458585
4393|1|144|144.0|2024-05-26 11:13:18.016001
4394|0|187|187.0|2024-05-26 11:13:22.595684
4395|1|135|135.0|2024-05-26 11:13:24.538743
4396|0|138|138.0|2024-05-26 11:13:29.593570
4397|1|178|178.0|2024-05-26 11:23:10.274000
4398|0|146|146.0|2024-05-26 11:23:13.865005
4399|1|200|200.0|2024-05-26 11:23:20.631188
4400|0|154|154.0|2024-05-26 11:23:21.789053
4401|0|166|166.0|2024-05-26 11:23:30.093403
4402|1|200|200.0|2024-05-26 11:23:30.662465
4403|0|191|191.0|2024-05-26 11:23:39.563194
4404|1|200|200.0|2024-05-26 11:23:40.754513
4405|1|147|147.0|2024-05-26 11:23:48.166075
4406|0|200|200.0|2024-05-26 11:23:49.751915
4407|1|144|144.0|2024-05-26 11:23:55.373690
4408|0|163|163.0|2024-05-26 11:23:57.919869
4409|1|188|188.0|2024-05-26 11:33:39.221461
4410|0|200|200.0|2024-05-26 11:33:42.426483
4411|1|200|200.0|2024-05-26 11:33:49.838468
4412|0|200|200.0|2024-05-26 11:33:52.947151
4413|1|200|200.0|2024-05-26 11:33:59.917827
4414|0|161|161.0|2024-05-26 11:34:01.181866
4415|1|197|197.0|2024-05-26 11:34:10.195122
4416|0|200|200.0|2024-05-26 11:34:11.574407
4417|1|170|170.0|2024-05-26 11:34:18.882752
4418|0|200|200.0|2024-05-26 11:34:21.622231
4419|1|149|149.0|2024-05-26 11:44:04.951317
4420|0|162|162.0|2024-05-26 11:44:08.687633
4421|1|200|200.0|2024-05-26 11:44:15.540211
4422|0|200|200.0|2024-05-26 11:44:19.327230
4423|1|200|200.0|2024-05-26 11:44:26.275031
4424|0|177|177.0|2024-05-26 11:44:28.851861
4425|1|200|200.0|2024-05-26 11:44:37.001157
4426|0|200|200.0|2024-05-26 11:44:39.516283
4427|1|173|173.0|2024-05-26 11:44:45.999375
4428|0|154|154.0|2024-05-26 11:44:47.411059
4429|1|200|200.0|2024-05-26 11:54:38.947574
4430|0|200|200.0|2024-05-26 11:54:40.440814
4431|1|200|200.0|2024-05-26 11:54:50.380288
4432|0|200|200.0|2024-05-26 11:54:51.920747
4433|1|200|200.0|2024-05-26 11:55:01.989052
4434|0|190|190.0|2024-05-26 11:55:02.959580
4435|0|174|174.0|2024-05-26 11:55:13.627796
4436|1|199|199.0|2024-05-26 11:55:14.240256
4437|1|155|155.0|2024-05-26 11:55:23.735871
4438|0|189|189.0|2024-05-26 11:55:25.301833
4439|1|149|149.0|2024-05-26 11:55:32.455002
4440|0|175|175.0|2024-05-26 12:06:28.105414
4441|1|163|163.0|2024-05-26 12:06:34.979858
4442|0|200|200.0|2024-05-26 12:06:40.096465
4443|1|200|200.0|2024-05-26 12:06:46.770678
4444|0|200|200.0|2024-05-26 12:06:52.202648
4445|1|200|200.0|2024-05-26 12:06:59.069005
4446|0|200|200.0|2024-05-26 12:07:04.285819
4447|1|166|166.0|2024-05-26 12:07:08.861287
4448|0|200|200.0|2024-05-26 12:07:16.653200
4449|1|200|200.0|2024-05-26 12:07:21.590438
4450|0|174|174.0|2024-05-26 12:07:28.005918
4451|1|200|200.0|2024-05-26 12:17:49.461457
4452|0|140|140.0|2024-05-26 12:17:51.486109
4453|1|135|135.0|2024-05-26 12:17:57.456717
4454|0|184|184.0|2024-05-26 12:18:02.536548
4455|1|200|200.0|2024-05-26 12:18:09.199281
4456|0|146|146.0|2024-05-26 12:18:11.082912
4457|1|158|158.0|2024-05-26 12:18:18.450007
4458|1|13|13.0|2024-05-26 12:18:19.228413
4459|0|200|200.0|2024-05-26 12:18:23.010291
4460|1|200|200.0|2024-05-26 12:18:31.416077
4461|0|200|200.0|2024-05-26 12:18:35.170025
4462|1|200|200.0|2024-05-26 12:28:56.642119
4463|0|200|200.0|2024-05-26 12:29:00.669712
4464|1|200|200.0|2024-05-26 12:29:09.064758
4465|0|200|200.0|2024-05-26 12:29:12.817212
4466|1|200|200.0|2024-05-26 12:29:21.298790
4467|0|200|200.0|2024-05-26 12:29:25.112276
4468|1|178|178.0|2024-05-26 12:29:32.575664
4469|0|129|129.0|2024-05-26 12:29:33.444341
4470|1|131|131.0|2024-05-26 12:29:40.798526
4471|0|200|200.0|2024-05-26 12:29:45.730493
4472|1|200|200.0|2024-05-26 12:29:52.826506
4473|0|195|195.0|2024-05-26 12:29:57.379862
4474|1|200|200.0|2024-05-26 12:39:46.666594
4475|0|200|200.0|2024-05-26 12:39:52.099995
4476|1|200|200.0|2024-05-26 12:39:59.006410
4477|0|200|200.0|2024-05-26 12:40:03.256617
4478|1|200|200.0|2024-05-26 12:40:10.257854
4479|0|200|200.0|2024-05-26 12:40:14.382505
4480|1|200|200.0|2024-05-26 12:40:21.642952
4481|0|200|200.0|2024-05-26 12:40:25.908999
4482|1|162|162.0|2024-05-26 12:40:30.862019
4483|0|200|200.0|2024-05-26 12:51:30.664514
4484|1|122|122.0|2024-05-26 12:51:31.136957
4485|0|98|98.0|2024-05-26 12:51:36.330609
4486|1|200|200.0|2024-05-26 12:51:42.930754
4487|1|16|16.0|2024-05-26 12:51:43.911797
4488|0|200|200.0|2024-05-26 12:51:48.116695
4489|1|102|102.0|2024-05-26 12:51:49.679504
4490|0|200|200.0|2024-05-26 12:51:59.862162
4491|1|200|200.0|2024-05-26 12:52:01.369834
4492|0|141|141.0|2024-05-26 12:52:08.166066
4493|1|130|130.0|2024-05-26 12:52:09.300518
4494|0|200|200.0|2024-05-26 12:52:20.134109
4495|1|200|200.0|2024-05-26 12:52:21.160909
4496|0|200|200.0|2024-05-26 13:02:16.269461
4497|1|200|200.0|2024-05-26 13:02:17.297961
4498|0|200|200.0|2024-05-26 13:02:27.709825
4499|1|200|200.0|2024-05-26 13:02:28.693578
4500|0|200|200.0|2024-05-26 13:02:40.318215
4501|1|200|200.0|2024-05-26 13:02:41.482589
4502|1|47|47.0|2024-05-26 13:02:44.276514
4503|0|200|200.0|2024-05-26 13:02:52.554382
4504|1|200|200.0|2024-05-26 13:02:56.727452
4505|0|200|200.0|2024-05-26 13:03:05.129242
4506|1|200|200.0|2024-05-26 13:03:08.689249
4507|0|157|157.0|2024-05-26 13:12:58.100238
4508|1|200|200.0|2024-05-26 13:13:04.744598
4509|0|200|200.0|2024-05-26 13:13:10.484807
4510|1|133|133.0|2024-05-26 13:13:12.739610
4511|0|200|200.0|2024-05-26 13:13:22.608781
4512|1|200|200.0|2024-05-26 13:13:25.176800
4513|0|200|200.0|2024-05-26 13:13:34.863018
4514|1|200|200.0|2024-05-26 13:13:37.199194
4515|0|200|200.0|2024-05-26 13:13:46.626646
4516|1|200|200.0|2024-05-26 13:13:48.923315
4517|0|200|200.0|2024-05-26 13:24:16.859488
4518|1|200|200.0|2024-05-26 13:24:19.212075
4519|0|200|200.0|2024-05-26 13:24:29.204429
4520|1|166|166.0|2024-05-26 13:24:29.490874
4521|1|154|154.0|2024-05-26 13:24:38.901659
4522|0|192|192.0|2024-05-26 13:24:41.023665
4523|1|200|200.0|2024-05-26 13:24:51.260896
4524|0|200|200.0|2024-05-26 13:24:53.175142
4525|1|200|200.0|2024-05-26 13:25:03.900619
4526|0|200|200.0|2024-05-26 13:25:05.906500
4527|1|200|200.0|2024-05-26 13:25:16.340044
4528|0|176|176.0|2024-05-26 13:25:16.846541
4529|1|195|195.0|2024-05-26 13:35:11.489675
4530|0|200|200.0|2024-05-26 13:35:12.268203
4531|1|200|200.0|2024-05-26 13:35:23.668723
4532|0|200|200.0|2024-05-26 13:35:24.435836
4533|1|200|200.0|2024-05-26 13:35:35.667359
4534|0|200|200.0|2024-05-26 13:35:36.263118
4535|1|200|200.0|2024-05-26 13:35:46.748381
4536|0|200|200.0|2024-05-26 13:35:47.608725
4537|1|200|200.0|2024-05-26 13:35:58.039427
4538|0|200|200.0|2024-05-26 13:46:21.462728
4539|1|200|200.0|2024-05-26 13:46:32.553144
4540|0|200|200.0|2024-05-26 13:46:33.387504
4541|1|200|200.0|2024-05-26 13:46:44.799349
4542|0|200|200.0|2024-05-26 13:46:45.716968
4543|1|131|131.0|2024-05-26 13:46:53.493534
4544|0|200|200.0|2024-05-26 13:46:58.706821
4545|1|198|198.0|2024-05-26 13:47:06.033836
4546|0|195|195.0|2024-05-26 13:47:11.019739
4547|1|200|200.0|2024-05-26 13:47:18.473418
4548|0|182|182.0|2024-05-26 13:47:22.086921
4549|1|200|200.0|2024-05-26 13:58:28.970149
4550|0|175|175.0|2024-05-26 13:58:31.503953
4551|1|51|51.0|2024-05-26 13:58:32.398077
4552|0|200|200.0|2024-05-26 13:58:43.437907
4553|1|200|200.0|2024-05-26 13:58:44.347981
4554|0|200|200.0|2024-05-26 13:58:55.672969
4555|1|200|200.0|2024-05-26 13:58:56.572051
4556|0|163|163.0|2024-05-26 13:59:05.330248
4557|1|200|200.0|2024-05-26 13:59:08.087349
4558|0|200|200.0|2024-05-26 13:59:16.774737
4559|1|200|200.0|2024-05-26 13:59:19.892829
4560|0|140|140.0|2024-05-26 14:09:43.920229
4561|1|200|200.0|2024-05-26 14:09:50.976104
4562|0|197|197.0|2024-05-26 14:09:56.402746
4563|1|200|200.0|2024-05-26 14:10:03.862410
4564|0|184|184.0|2024-05-26 14:10:08.158729
4565|1|200|200.0|2024-05-26 14:10:16.191768
4566|0|167|167.0|2024-05-26 14:10:18.328859
4567|1|200|200.0|2024-05-26 14:10:28.451998
4568|0|200|200.0|2024-05-26 14:10:30.772541
4569|1|170|170.0|2024-05-26 14:10:39.000734
4570|0|174|174.0|2024-05-26 14:21:00.669643
4571|0|137|137.0|2024-05-26 14:21:08.556468
4572|1|200|200.0|2024-05-26 14:21:09.849065
4573|0|173|173.0|2024-05-26 14:21:18.631065
4574|1|200|200.0|2024-05-26 14:21:21.809121
4575|0|139|139.0|2024-05-26 14:21:27.524312
4576|1|200|200.0|2024-05-26 14:21:34.627915
4577|0|200|200.0|2024-05-26 14:21:39.905312
4578|1|176|176.0|2024-05-26 14:21:45.142034
4579|0|124|124.0|2024-05-26 14:21:47.354159
4580|1|195|195.0|2024-05-26 14:21:57.152039
4581|0|200|200.0|2024-05-26 14:21:59.619249
4582|1|193|193.0|2024-05-26 14:31:54.979856
4583|0|196|196.0|2024-05-26 14:31:57.676028
4584|1|133|133.0|2024-05-26 14:32:03.415609
4585|0|135|135.0|2024-05-26 14:32:06.177976
4586|1|169|169.0|2024-05-26 14:32:13.396206
4587|0|185|185.0|2024-05-26 14:32:17.437477
4588|1|180|180.0|2024-05-26 14:32:24.500412
4589|0|130|130.0|2024-05-26 14:32:25.260966
4590|1|200|200.0|2024-05-26 14:32:36.365927
4591|0|200|200.0|2024-05-26 14:32:37.069513
4592|1|145|145.0|2024-05-26 14:32:44.837512
4593|0|200|200.0|2024-05-26 14:42:29.747712
4594|1|156|156.0|2024-05-26 14:42:35.128642
4595|0|151|151.0|2024-05-26 14:42:38.612600
4596|1|133|133.0|2024-05-26 14:42:42.761925
4597|0|130|130.0|2024-05-26 14:42:46.477879
4598|0|43|43.0|2024-05-26 14:42:48.996983
4599|1|145|145.0|2024-05-26 14:42:51.679253
4600|1|142|142.0|2024-05-26 14:43:00.028943
4601|0|200|200.0|2024-05-26 14:43:00.757190
4602|0|166|166.0|2024-05-26 14:43:11.042472
4603|1|190|190.0|2024-05-26 14:43:11.502392
4604|1|50|50.0|2024-05-26 14:43:14.520802
4605|0|134|134.0|2024-05-26 14:43:19.192573
4606|1|200|200.0|2024-05-26 14:43:26.383934
4607|0|200|200.0|2024-05-26 14:54:56.155178
4608|1|197|197.0|2024-05-26 14:55:03.420107
4609|0|154|154.0|2024-05-26 14:55:05.355100
4610|1|190|190.0|2024-05-26 14:55:14.653184
4611|0|200|200.0|2024-05-26 14:55:17.190552
4612|0|118|118.0|2024-05-26 14:55:24.384672
4613|1|194|194.0|2024-05-26 14:55:26.293632
4614|0|163|163.0|2024-05-26 14:55:33.876677
4615|1|194|194.0|2024-05-26 14:55:37.610017
4616|0|174|174.0|2024-05-26 14:55:44.252614
4617|1|178|178.0|2024-05-26 14:55:48.442151
4618|0|200|200.0|2024-05-26 15:05:42.303870
4619|1|165|165.0|2024-05-26 15:05:44.306427
4620|0|160|160.0|2024-05-26 15:05:51.585136
4621|1|178|178.0|2024-05-26 15:05:54.515217
4622|0|169|169.0|2024-05-26 15:06:01.097210
4623|1|200|200.0|2024-05-26 15:06:05.837694
4624|0|153|153.0|2024-05-26 15:06:10.301951
4625|1|143|143.0|2024-05-26 15:06:14.657952
4626|0|149|149.0|2024-05-26 15:06:19.024164
4627|1|144|144.0|2024-05-26 15:06:22.854796
4628|0|183|183.0|2024-05-26 15:06:29.983716
4629|1|193|193.0|2024-05-26 15:06:34.783768
4630|0|169|169.0|2024-05-26 15:16:24.498785
4631|1|142|142.0|2024-05-26 15:16:27.698738
4632|0|191|191.0|2024-05-26 15:16:36.633037
4633|1|150|150.0|2024-05-26 15:16:37.274791
4634|1|162|162.0|2024-05-26 15:16:47.193305
4635|0|200|200.0|2024-05-26 15:16:49.108943
4636|1|164|164.0|2024-05-26 15:16:57.563407
4637|0|165|165.0|2024-05-26 15:16:59.447811
4638|1|164|164.0|2024-05-26 15:17:08.104802
4639|0|171|171.0|2024-05-26 15:17:10.495117
4640|1|162|162.0|2024-05-26 15:17:17.841721
4641|0|188|188.0|2024-05-26 15:27:45.017768
4642|1|198|198.0|2024-05-26 15:27:53.056349
4643|0|167|167.0|2024-05-26 15:27:54.927750
4644|0|154|154.0|2024-05-26 15:28:04.344968
4645|1|190|190.0|2024-05-26 15:28:04.605286
4646|1|143|143.0|2024-05-26 15:28:13.324027
4647|0|186|186.0|2024-05-26 15:28:15.773117
4648|1|180|180.0|2024-05-26 15:28:24.324226
4649|0|199|199.0|2024-05-26 15:28:27.838963
4650|1|174|174.0|2024-05-26 15:28:34.705090
4651|0|200|200.0|2024-05-26 15:28:39.871284
4652|1|144|144.0|2024-05-26 15:28:43.435896
4653|0|161|161.0|2024-05-26 15:39:08.897850
4654|1|200|200.0|2024-05-26 15:39:14.892675
4655|0|160|160.0|2024-05-26 15:39:18.491594
4656|1|196|196.0|2024-05-26 15:39:26.411204
4657|0|200|200.0|2024-05-26 15:39:30.381794
4658|1|200|200.0|2024-05-26 15:39:38.340172
4659|0|172|172.0|2024-05-26 15:39:40.706840
4660|1|194|194.0|2024-05-26 15:39:50.335398
4661|0|198|198.0|2024-05-26 15:39:52.808773
4662|1|145|145.0|2024-05-26 15:39:59.293338
4663|0|146|146.0|2024-05-26 15:40:01.841294
4664|1|200|200.0|2024-05-26 15:49:57.870121
4665|0|162|162.0|2024-05-26 15:49:58.113648
4666|1|149|149.0|2024-05-26 15:50:07.000548
4667|0|182|182.0|2024-05-26 15:50:09.313138
4668|1|165|165.0|2024-05-26 15:50:16.478980
4669|0|200|200.0|2024-05-26 15:50:20.546523
4670|1|200|200.0|2024-05-26 15:50:28.223981
4671|0|200|200.0|2024-05-26 15:50:32.948056
4672|1|143|143.0|2024-05-26 15:50:37.126261
4673|0|200|200.0|2024-05-26 15:50:44.562247
4674|1|189|189.0|2024-05-26 15:50:48.219937
4675|0|200|200.0|2024-05-26 16:00:39.894043
4676|1|200|200.0|2024-05-26 16:00:43.644183
4677|0|168|168.0|2024-05-26 16:00:50.383296
4678|1|178|178.0|2024-05-26 16:00:54.657620
4679|0|200|200.0|2024-05-26 16:01:02.465861
4680|1|200|200.0|2024-05-26 16:01:06.566961
4681|1|48|48.0|2024-05-26 16:01:09.349823
4682|0|200|200.0|2024-05-26 16:01:14.467048
4683|1|176|176.0|2024-05-26 16:01:20.067406
4684|0|195|195.0|2024-05-26 16:01:26.031486
4685|1|200|200.0|2024-05-26 16:01:32.127863
4686|0|200|200.0|2024-05-26 16:12:00.796496
4687|1|200|200.0|2024-05-26 16:12:06.712023
4688|0|200|200.0|2024-05-26 16:12:13.084877
4689|1|181|181.0|2024-05-26 16:12:18.264953
4690|0|200|200.0|2024-05-26 16:12:25.911256
4691|1|200|200.0|2024-05-26 16:12:30.977740
4692|0|200|200.0|2024-05-26 16:12:38.696817
4693|1|200|200.0|2024-05-26 16:12:43.969495
4694|0|200|200.0|2024-05-26 16:12:50.909872
4695|1|200|200.0|2024-05-26 16:12:55.644078
4696|0|200|200.0|2024-05-26 16:23:58.907744
4697|1|176|176.0|2024-05-26 16:24:02.436304
4698|0|200|200.0|2024-05-26 16:24:11.323982
4699|1|200|200.0|2024-05-26 16:24:14.503515
4700|0|200|200.0|2024-05-26 16:24:23.460632
4701|1|200|200.0|2024-05-26 16:24:26.714905
4702|0|189|189.0|2024-05-26 16:24:34.815752
4703|1|186|186.0|2024-05-26 16:24:38.129488
4704|0|161|161.0|2024-05-26 16:24:45.042412
4705|1|189|189.0|2024-05-26 16:24:50.187644
4706|0|200|200.0|2024-05-26 16:34:46.831155
4707|1|200|200.0|2024-05-26 16:34:51.594918
4708|0|200|200.0|2024-05-26 16:34:59.017834
4709|1|195|195.0|2024-05-26 16:35:03.505188
4710|0|200|200.0|2024-05-26 16:35:11.442722
4711|1|200|200.0|2024-05-26 16:35:16.149000
4712|0|180|180.0|2024-05-26 16:35:22.749044
4713|1|200|200.0|2024-05-26 16:35:28.865943
4714|0|200|200.0|2024-05-26 16:35:35.270448
4715|1|200|200.0|2024-05-26 16:35:40.788084
4716|0|193|193.0|2024-05-26 16:46:11.001465
4717|1|200|200.0|2024-05-26 16:46:17.327734
4718|0|200|200.0|2024-05-26 16:46:22.965080
4719|1|170|170.0|2024-05-26 16:46:27.470403
4720|0|200|200.0|2024-05-26 16:46:35.129465
4721|1|178|178.0|2024-05-26 16:46:38.372868
4722|1|78|78.0|2024-05-26 16:46:43.352309
4723|0|200|200.0|2024-05-26 16:46:47.741737
4724|1|200|200.0|2024-05-26 16:46:55.247057
4725|0|200|200.0|2024-05-26 16:47:00.028821
4726|1|200|200.0|2024-05-26 16:47:08.085102
4727|0|200|200.0|2024-05-26 16:57:06.021827
4728|1|200|200.0|2024-05-26 16:57:13.158481
4729|0|168|168.0|2024-05-26 16:57:15.237026
4730|1|179|179.0|2024-05-26 16:57:22.899284
4731|0|200|200.0|2024-05-26 16:57:26.265583
4732|1|200|200.0|2024-05-26 16:57:34.718654
4733|0|200|200.0|2024-05-26 16:57:38.073069
4734|1|200|200.0|2024-05-26 16:57:46.268348
4735|0|200|200.0|2024-05-26 16:57:49.940814
4736|1|200|200.0|2024-05-26 16:57:58.233904
4737|0|200|200.0|2024-05-26 17:07:52.493426
4738|1|200|200.0|2024-05-26 17:08:00.716576
4739|0|200|200.0|2024-05-26 17:08:04.171979
4740|1|152|152.0|2024-05-26 17:08:09.764688
4741|0|200|200.0|2024-05-26 17:08:16.234536
4742|1|200|200.0|2024-05-26 17:08:21.758711
4743|0|200|200.0|2024-05-26 17:08:28.097089
4744|1|200|200.0|2024-05-26 17:08:33.525745
4745|0|200|200.0|2024-05-26 17:08:40.081761
4746|1|200|200.0|2024-05-26 17:08:45.494730
4747|0|200|200.0|2024-05-26 17:18:49.499083
4748|1|200|200.0|2024-05-26 17:18:54.738636
4749|0|200|200.0|2024-05-26 17:19:01.044208
4750|1|200|200.0|2024-05-26 17:19:06.878999
4751|0|200|200.0|2024-05-26 17:19:13.101658
4752|1|200|200.0|2024-05-26 17:19:18.634233
4753|0|195|195.0|2024-05-26 17:19:25.222843
4754|1|200|200.0|2024-05-26 17:19:31.118972
4755|0|163|163.0|2024-05-26 17:19:35.168273
4756|1|200|200.0|2024-05-26 17:19:43.278973
4757|0|200|200.0|2024-05-26 17:19:47.305265
4758|1|200|200.0|2024-05-26 17:30:24.159016
4759|0|200|200.0|2024-05-26 17:30:28.322818
4760|1|200|200.0|2024-05-26 17:30:36.295959
4761|0|198|198.0|2024-05-26 17:30:39.972154
4762|1|200|200.0|2024-05-26 17:30:47.800296
4763|0|200|200.0|2024-05-26 17:30:51.986927
4764|1|175|175.0|2024-05-26 17:30:58.923241
4765|0|200|200.0|2024-05-26 17:31:04.073761
4766|1|200|200.0|2024-05-26 17:31:10.719445
4767|0|200|200.0|2024-05-26 17:31:15.957340
4768|1|200|200.0|2024-05-26 17:41:52.730384
4769|0|176|176.0|2024-05-26 17:41:56.478736
4770|1|171|171.0|2024-05-26 17:42:02.275308
4771|0|197|197.0|2024-05-26 17:42:07.485371
4772|1|167|167.0|2024-05-26 17:42:11.942316
4773|0|179|179.0|2024-05-26 17:42:18.201805
4774|1|171|171.0|2024-05-26 17:42:22.247765
4775|0|174|174.0|2024-05-26 17:42:28.861569
4776|1|200|200.0|2024-05-26 17:42:34.471822
4777|0|156|156.0|2024-05-26 17:42:38.388218
4778|1|200|200.0|2024-05-26 17:53:11.721970
4779|0|200|200.0|2024-05-26 17:53:15.043683
4780|1|200|200.0|2024-05-26 17:53:23.037761
4781|0|200|200.0|2024-05-26 17:53:26.753531
4782|1|162|162.0|2024-05-26 17:53:32.634329
4783|0|141|141.0|2024-05-26 17:53:34.698447
4784|1|170|170.0|2024-05-26 17:53:41.800985
4785|0|199|199.0|2024-05-26 17:53:45.792864
4786|1|200|200.0|2024-05-26 17:53:53.462126
4787|0|159|159.0|2024-05-26 17:53:55.014908
4788|1|200|200.0|2024-05-26 17:54:04.395202
4789|0|200|200.0|2024-05-26 17:54:05.928281
4790|1|156|156.0|2024-05-26 18:04:05.931047
4791|0|200|200.0|2024-05-26 18:04:10.154004
4792|1|200|200.0|2024-05-26 18:04:17.965354
4793|0|200|200.0|2024-05-26 18:04:22.412068
4794|1|200|200.0|2024-05-26 18:04:30.193796
4795|0|151|151.0|2024-05-26 18:04:31.613279
4796|1|200|200.0|2024-05-26 18:04:42.630101
4797|0|200|200.0|2024-05-26 18:04:44.089555
4798|1|181|181.0|2024-05-26 18:04:53.628585
4799|0|179|179.0|2024-05-26 18:04:55.019540
4800|1|200|200.0|2024-05-26 18:16:07.037864
4801|0|200|200.0|2024-05-26 18:16:08.293575
4802|1|200|200.0|2024-05-26 18:16:18.956125
4803|0|188|188.0|2024-05-26 18:16:19.576619
4804|0|178|178.0|2024-05-26 18:16:29.530611
4805|1|200|200.0|2024-05-26 18:16:30.215776
4806|1|179|179.0|2024-05-26 18:16:40.142863
4807|0|200|200.0|2024-05-26 18:16:40.564518
4808|1|140|140.0|2024-05-26 18:16:47.626584
4809|0|187|187.0|2024-05-26 18:16:50.769255
4810|1|200|200.0|2024-05-26 18:27:26.943028
4811|0|200|200.0|2024-05-26 18:27:30.539099
4812|1|200|200.0|2024-05-26 18:27:38.655507
4813|0|200|200.0|2024-05-26 18:27:41.819756
4814|1|200|200.0|2024-05-26 18:27:50.548795
4815|0|200|200.0|2024-05-26 18:27:54.007885
4816|1|200|200.0|2024-05-26 18:28:02.664919
4817|0|185|185.0|2024-05-26 18:28:05.277539
4818|1|200|200.0|2024-05-26 18:28:15.348607
4819|0|200|200.0|2024-05-26 18:28:17.925551
4820|1|179|179.0|2024-05-26 18:38:54.454400
4821|0|160|160.0|2024-05-26 18:38:55.766534
4822|1|165|165.0|2024-05-26 18:39:04.730101
4823|0|200|200.0|2024-05-26 18:39:08.296552
4824|1|153|153.0|2024-05-26 18:39:13.898080
4825|0|183|183.0|2024-05-26 18:39:19.146832
4826|1|200|200.0|2024-05-26 18:39:26.162992
4827|0|186|186.0|2024-05-26 18:39:30.745726
4828|1|172|172.0|2024-05-26 18:39:36.758118
4829|0|184|184.0|2024-05-26 18:39:41.953280
4830|1|200|200.0|2024-05-26 18:39:48.808734
4831|0|189|189.0|2024-05-26 18:39:53.144599
4832|1|200|200.0|2024-05-26 18:51:02.036270
4833|0|200|200.0|2024-05-26 18:51:06.443505
4834|1|200|200.0|2024-05-26 18:51:14.160335
4835|0|200|200.0|2024-05-26 18:51:18.435069
4836|1|200|200.0|2024-05-26 18:51:25.824757
4837|0|173|173.0|2024-05-26 18:51:28.840104
4838|1|200|200.0|2024-05-26 18:51:37.880305
4839|0|200|200.0|2024-05-26 18:51:40.643308
4840|1|200|200.0|2024-05-26 18:51:50.046547
4841|0|200|200.0|2024-05-26 18:51:52.996944
4842|1|157|157.0|2024-05-26 19:03:00.928942
4843|0|200|200.0|2024-05-26 19:03:06.519120
4844|1|200|200.0|2024-05-26 19:03:13.255778
4845|0|200|200.0|2024-05-26 19:03:19.241051
4846|1|200|200.0|2024-05-26 19:03:25.993145
4847|0|200|200.0|2024-05-26 19:03:31.683910
4848|1|176|176.0|2024-05-26 19:03:37.145968
4849|0|171|171.0|2024-05-26 19:03:42.586547
4850|1|200|200.0|2024-05-26 19:03:50.015879
4851|0|180|180.0|2024-05-26 19:03:54.126953
4852|1|200|200.0|2024-05-26 19:14:02.767988
4853|0|200|200.0|2024-05-26 19:14:06.916572
4854|1|200|200.0|2024-05-26 19:14:15.219632
4855|0|200|200.0|2024-05-26 19:14:19.323272
4856|1|175|175.0|2024-05-26 19:14:25.971231
4857|0|184|184.0|2024-05-26 19:14:30.664992
4858|1|200|200.0|2024-05-26 19:14:38.431441
4859|0|200|200.0|2024-05-26 19:14:42.990926
4860|1|200|200.0|2024-05-26 19:14:51.026107
4861|0|195|195.0|2024-05-26 19:14:55.205349
4862|1|163|163.0|2024-05-26 19:25:34.057947
4863|0|186|186.0|2024-05-26 19:25:39.922253
4864|1|161|161.0|2024-05-26 19:25:43.767094
4865|0|200|200.0|2024-05-26 19:25:51.634020
4866|1|200|200.0|2024-05-26 19:25:55.736512
4867|0|200|200.0|2024-05-26 19:26:03.941319
4868|1|153|153.0|2024-05-26 19:26:05.327792
4869|0|200|200.0|2024-05-26 19:26:16.063960
4870|1|200|200.0|2024-05-26 19:26:17.301330
4871|0|200|200.0|2024-05-26 19:26:28.277013
4872|1|200|200.0|2024-05-26 19:26:29.632270
4873|0|200|200.0|2024-05-26 19:36:38.094003
4874|1|196|196.0|2024-05-26 19:36:39.205959
4875|1|146|146.0|2024-05-26 19:36:48.633857
4876|0|200|200.0|2024-05-26 19:36:50.814595
4877|1|200|200.0|2024-05-26 19:37:00.262843
4878|0|192|192.0|2024-05-26 19:37:01.820140
4879|1|161|161.0|2024-05-26 19:37:09.823564
4880|0|200|200.0|2024-05-26 19:37:13.864924
4881|1|170|170.0|2024-05-26 19:37:20.257699
4882|0|200|200.0|2024-05-26 19:37:25.937237
4883|1|159|159.0|2024-05-26 19:37:29.636729
4884|0|200|200.0|2024-05-26 19:48:05.163207
4885|1|200|200.0|2024-05-26 19:48:08.771087
4886|0|191|191.0|2024-05-26 19:48:16.292740
4887|1|200|200.0|2024-05-26 19:48:20.521945
4888|0|153|153.0|2024-05-26 19:48:25.160338
4889|1|200|200.0|2024-05-26 19:48:31.684281
4890|0|200|200.0|2024-05-26 19:48:36.074858
4891|1|181|181.0|2024-05-26 19:48:41.711792
4892|0|188|188.0|2024-05-26 19:48:46.618249
4893|1|174|174.0|2024-05-26 19:48:51.619340
4894|0|200|200.0|2024-05-26 19:58:57.160739
4895|1|175|175.0|2024-05-26 19:59:00.293326
4896|0|168|168.0|2024-05-26 19:59:06.170568
4897|1|177|177.0|2024-05-26 19:59:10.108106
4898|0|200|200.0|2024-05-26 19:59:17.546442
4899|1|200|200.0|2024-05-26 19:59:21.609510
4900|0|197|197.0|2024-05-26 19:59:29.402980
4901|1|200|200.0|2024-05-26 19:59:33.851381
4902|0|200|200.0|2024-05-26 19:59:41.662109
4903|1|159|159.0|2024-05-26 19:59:43.580258
4904|0|164|164.0|2024-05-26 19:59:51.545013
4905|1|186|186.0|2024-05-26 20:09:54.414191
4906|0|150|150.0|2024-05-26 20:10:00.502442
4907|1|177|177.0|2024-05-26 20:10:05.443314
4908|0|131|131.0|2024-05-26 20:10:08.560626
4909|1|179|179.0|2024-05-26 20:10:15.837038
4910|0|150|150.0|2024-05-26 20:10:17.036903
4911|1|160|160.0|2024-05-26 20:10:24.880634
4912|0|141|141.0|2024-05-26 20:10:25.082435
4913|1|200|200.0|2024-05-26 20:10:36.673667
4914|0|200|200.0|2024-05-26 20:10:36.888135
4915|1|158|158.0|2024-05-26 20:10:46.016279
4916|0|191|191.0|2024-05-26 20:10:48.064403
4917|1|200|200.0|2024-05-26 20:21:25.027574
4918|0|182|182.0|2024-05-26 20:21:26.067080
4919|1|162|162.0|2024-05-26 20:21:33.902955
4920|0|179|179.0|2024-05-26 20:21:35.773373
4921|1|131|131.0|2024-05-26 20:21:40.974468
4922|0|135|135.0|2024-05-26 20:21:43.174468
4923|1|125|125.0|2024-05-26 20:21:48.078083
4924|0|171|171.0|2024-05-26 20:21:52.989062
4925|1|177|177.0|2024-05-26 20:21:58.361171
4926|0|180|180.0|2024-05-26 20:22:02.961148
4927|1|159|159.0|2024-05-26 20:22:06.617433
4928|0|170|170.0|2024-05-26 20:22:12.091097
4929|1|200|200.0|2024-05-26 20:32:46.434904
4930|0|133|133.0|2024-05-26 20:32:48.212442
4931|1|159|159.0|2024-05-26 20:32:55.652740
4932|0|193|193.0|2024-05-26 20:32:59.344455
4933|1|124|124.0|2024-05-26 20:33:02.731848
4934|0|200|200.0|2024-05-26 20:33:11.154528
4935|1|175|175.0|2024-05-26 20:33:12.981165
4936|0|113|113.0|2024-05-26 20:33:17.209297
4937|1|193|193.0|2024-05-26 20:33:23.627496
4938|0|195|195.0|2024-05-26 20:33:28.506871
4939|1|200|200.0|2024-05-26 20:33:35.386723
4940|0|199|199.0|2024-05-26 20:43:34.867739
4941|1|152|152.0|2024-05-26 20:43:39.310809
4942|0|146|146.0|2024-05-26 20:43:43.981636
4943|1|131|131.0|2024-05-26 20:43:47.389853
4944|0|180|180.0|2024-05-26 20:43:54.566433
4945|1|164|164.0|2024-05-26 20:43:56.924454
4946|0|145|145.0|2024-05-26 20:44:03.333329
4947|1|164|164.0|2024-05-26 20:44:07.001848
4948|0|200|200.0|2024-05-26 20:44:15.348588
4949|1|142|142.0|2024-05-26 20:44:15.423413
4950|1|100|100.0|2024-05-26 20:44:21.628443
4951|0|195|195.0|2024-05-26 20:44:27.317151
4952|1|198|198.0|2024-05-26 20:55:36.146246
4953|0|134|134.0|2024-05-26 20:55:37.972266
4954|1|178|178.0|2024-05-26 20:55:47.181411
4955|0|200|200.0|2024-05-26 20:55:50.302495
4956|1|135|135.0|2024-05-26 20:55:55.387582
4957|0|174|174.0|2024-05-26 20:56:00.900175
4958|1|178|178.0|2024-05-26 20:56:05.867572
4959|0|170|170.0|2024-05-26 20:56:10.795720
4960|1|200|200.0|2024-05-26 20:56:17.755249
4961|0|194|194.0|2024-05-26 20:56:22.186637
4962|1|168|168.0|2024-05-26 20:56:27.611893
4963|0|200|200.0|2024-05-26 20:56:34.143417
4964|1|158|158.0|2024-05-26 21:06:35.398898
4965|0|169|169.0|2024-05-26 21:06:43.057644
4966|1|158|158.0|2024-05-26 21:06:45.401186
4967|0|162|162.0|2024-05-26 21:06:53.099650
4968|1|190|190.0|2024-05-26 21:06:57.387056
4969|0|163|163.0|2024-05-26 21:07:03.589687
4970|1|200|200.0|2024-05-26 21:07:10.100885
4971|0|188|188.0|2024-05-26 21:07:15.536306
4972|1|156|156.0|2024-05-26 21:07:19.899348
4973|0|174|174.0|2024-05-26 21:07:26.299047
4974|1|176|176.0|2024-05-26 21:07:30.604711
4975|0|200|200.0|2024-05-26 21:19:16.636812
4976|1|200|200.0|2024-05-26 21:19:21.059001
4977|0|151|151.0|2024-05-26 21:19:25.656630
4978|1|175|175.0|2024-05-26 21:19:31.579995
4979|0|178|178.0|2024-05-26 21:19:36.599457
4980|1|154|154.0|2024-05-26 21:19:41.120002
4981|0|160|160.0|2024-05-26 21:19:46.440424
4982|0|25|25.0|2024-05-26 21:19:48.016116
4983|1|124|124.0|2024-05-26 21:19:48.722318
4984|1|92|92.0|2024-05-26 21:19:54.496038
4985|0|144|144.0|2024-05-26 21:19:57.147247
4986|1|143|143.0|2024-05-26 21:20:03.618850
4987|0|123|123.0|2024-05-26 21:20:04.931628
4988|1|157|157.0|2024-05-26 21:20:13.190243
4989|0|186|186.0|2024-05-26 21:30:45.932361
4990|1|191|191.0|2024-05-26 21:30:53.899173
4991|0|186|186.0|2024-05-26 21:30:56.629598
4992|1|184|184.0|2024-05-26 21:31:04.981477
4993|0|169|169.0|2024-05-26 21:31:06.747704
4994|1|138|138.0|2024-05-26 21:31:13.350169
4995|0|171|171.0|2024-05-26 21:31:17.180504
4996|1|173|173.0|2024-05-26 21:31:23.941752
4997|0|147|147.0|2024-05-26 21:31:26.271244
4998|1|155|155.0|2024-05-26 21:31:33.530762
4999|0|186|186.0|2024-05-26 21:31:37.524666
5000|1|167|167.0|2024-05-26 21:31:43.830549
5001|0|135|135.0|2024-05-26 21:42:14.512080
5002|1|200|200.0|2024-05-26 21:42:25.013740
5003|0|200|200.0|2024-05-26 21:42:27.195884
5004|0|164|164.0|2024-05-26 21:42:37.370364
5005|1|200|200.0|2024-05-26 21:42:37.431541
5006|0|182|182.0|2024-05-26 21:42:48.707409
5007|1|200|200.0|2024-05-26 21:42:49.902317
5008|0|178|178.0|2024-05-26 21:42:59.890816
5009|1|200|200.0|2024-05-26 21:43:02.507042
5010|0|200|200.0|2024-05-26 21:43:12.393122
5011|1|200|200.0|2024-05-26 21:53:47.125688
5012|0|200|200.0|2024-05-26 21:53:56.768528
5013|1|199|199.0|2024-05-26 21:53:59.377475
5014|0|200|200.0|2024-05-26 21:54:09.661835
5015|1|200|200.0|2024-05-26 21:54:12.426534
5016|0|200|200.0|2024-05-26 21:54:22.459949
5017|1|200|200.0|2024-05-26 21:54:24.801660
5018|0|200|200.0|2024-05-26 21:54:34.293376
5019|1|200|200.0|2024-05-26 21:54:36.651183
5020|0|200|200.0|2024-05-26 21:54:45.986175
5021|1|200|200.0|2024-05-26 22:04:44.558339
5022|0|200|200.0|2024-05-26 22:04:53.769503
5023|1|200|200.0|2024-05-26 22:04:56.113031
5024|1|126|126.0|2024-05-26 22:05:03.919432
5025|0|200|200.0|2024-05-26 22:05:06.258500
5026|1|200|200.0|2024-05-26 22:05:16.783228
5027|0|200|200.0|2024-05-26 22:05:19.072372
5028|1|158|158.0|2024-05-26 22:05:26.925123
5029|0|200|200.0|2024-05-26 22:05:31.843969
5030|1|200|200.0|2024-05-26 22:05:39.852786
5031|0|200|200.0|2024-05-26 22:05:44.873146
5032|1|200|200.0|2024-05-26 22:15:49.474329
5033|0|200|200.0|2024-05-26 22:15:54.315047
5034|1|200|200.0|2024-05-26 22:16:02.341737
5035|0|185|185.0|2024-05-26 22:16:06.158281
5036|1|199|199.0|2024-05-26 22:16:14.453393
5037|0|200|200.0|2024-05-26 22:16:18.089881
5038|1|200|200.0|2024-05-26 22:16:26.639170
5039|0|200|200.0|2024-05-26 22:16:30.402468
5040|1|200|200.0|2024-05-26 22:16:39.152245
5041|0|200|200.0|2024-05-26 22:16:43.049157
5042|1|133|133.0|2024-05-26 22:27:17.946116
5043|0|200|200.0|2024-05-26 22:27:25.687414
5044|1|198|198.0|2024-05-26 22:27:29.786421
5045|0|173|173.0|2024-05-26 22:27:36.212760
5046|1|200|200.0|2024-05-26 22:27:42.318586
5047|0|158|158.0|2024-05-26 22:27:46.195956
5048|1|163|163.0|2024-05-26 22:27:52.452048
5049|0|200|200.0|2024-05-26 22:27:58.536633
5050|1|200|200.0|2024-05-26 22:28:04.723023
5051|0|200|200.0|2024-05-26 22:28:10.798590
5052|1|200|200.0|2024-05-26 22:39:49.289419
5053|0|171|171.0|2024-05-26 22:39:53.516286
5054|1|200|200.0|2024-05-26 22:40:01.297281
5055|0|163|163.0|2024-05-26 22:40:03.175849
5056|0|89|89.0|2024-05-26 22:40:08.280337
5057|1|200|200.0|2024-05-26 22:40:12.632329
5058|0|200|200.0|2024-05-26 22:40:19.214782
5059|1|200|200.0|2024-05-26 22:40:23.714065
5060|0|200|200.0|2024-05-26 22:40:30.919530
5061|1|200|200.0|2024-05-26 22:40:35.517576
5062|0|200|200.0|2024-05-26 22:40:42.564460
5063|1|189|189.0|2024-05-26 22:51:22.459808
5064|0|200|200.0|2024-05-26 22:51:30.888070
5065|1|175|175.0|2024-05-26 22:51:33.447466
5066|0|200|200.0|2024-05-26 22:51:43.258025
5067|1|179|179.0|2024-05-26 22:51:44.468669
5068|0|183|183.0|2024-05-26 22:51:54.773000
5069|1|200|200.0|2024-05-26 22:51:57.024912
5070|0|200|200.0|2024-05-26 22:52:06.880356
5071|1|200|200.0|2024-05-26 22:52:09.261837
5072|0|200|200.0|2024-05-26 22:52:19.012242
5073|1|200|200.0|2024-05-26 22:52:21.194390
5074|0|200|200.0|2024-05-26 23:03:07.801242
5075|1|200|200.0|2024-05-26 23:03:10.350376
5076|0|200|200.0|2024-05-26 23:03:20.236168
5077|1|200|200.0|2024-05-26 23:03:22.653371
5078|0|195|195.0|2024-05-26 23:03:32.294642
5079|1|200|200.0|2024-05-26 23:03:34.920150
5080|0|200|200.0|2024-05-26 23:03:44.807073
5081|1|200|200.0|2024-05-26 23:03:47.360975
5082|0|181|181.0|2024-05-26 23:03:55.844382
5083|1|200|200.0|2024-05-26 23:03:59.761966
5084|0|193|193.0|2024-05-26 23:14:03.388448
5085|1|200|200.0|2024-05-26 23:14:07.759754
5086|0|180|180.0|2024-05-26 23:14:14.893269
5087|1|200|200.0|2024-05-26 23:14:20.382363
5088|1|81|81.0|2024-05-26 23:14:25.515463
5089|0|200|200.0|2024-05-26 23:14:27.505531
5090|1|183|183.0|2024-05-26 23:14:36.936643
5091|0|200|200.0|2024-05-26 23:14:39.772995
5092|0|136|136.0|2024-05-26 23:14:48.446671
5093|1|183|183.0|2024-05-26 23:14:48.447463
5094|0|167|167.0|2024-05-26 23:14:58.627479
5095|1|175|175.0|2024-05-26 23:25:00.082833
5096|0|165|165.0|2024-05-26 23:25:09.790848
5097|1|176|176.0|2024-05-26 23:25:11.004211
5098|0|193|193.0|2024-05-26 23:25:21.465521
5099|1|187|187.0|2024-05-26 23:25:22.348873
5100|0|124|124.0|2024-05-26 23:25:29.445163
5101|1|142|142.0|2024-05-26 23:25:31.329191
5102|1|113|113.0|2024-05-26 23:25:38.262676
5103|0|169|169.0|2024-05-26 23:25:39.845624
5104|0|110|110.0|2024-05-26 23:25:46.791889
5105|1|137|137.0|2024-05-26 23:25:46.869210
5106|1|129|129.0|2024-05-26 23:25:54.619916
5107|0|187|187.0|2024-05-26 23:25:58.079086
5108|1|200|200.0|2024-05-26 23:36:36.046415
5109|0|192|192.0|2024-05-26 23:36:38.595614
5110|0|130|130.0|2024-05-26 23:36:46.550429
5111|1|200|200.0|2024-05-26 23:36:47.815860
5112|0|155|155.0|2024-05-26 23:36:56.388537
5113|1|200|200.0|2024-05-26 23:37:00.617214
5114|0|200|200.0|2024-05-26 23:37:08.692524
5115|1|159|159.0|2024-05-26 23:37:10.392649
5116|0|185|185.0|2024-05-26 23:37:19.888952
5117|1|188|188.0|2024-05-26 23:37:21.539419
5118|1|127|127.0|2024-05-26 23:37:29.037334
5119|0|200|200.0|2024-05-26 23:48:00.971959
5120|1|166|166.0|2024-05-26 23:48:08.766603
5121|0|189|189.0|2024-05-26 23:48:12.752495
5122|1|180|180.0|2024-05-26 23:48:20.002254
5123|0|200|200.0|2024-05-26 23:48:25.311675
5124|1|198|198.0|2024-05-26 23:48:32.064334
5125|0|197|197.0|2024-05-26 23:48:37.572465
5126|1|150|150.0|2024-05-26 23:48:41.184382
5127|0|200|200.0|2024-05-26 23:48:49.016388
5128|1|170|170.0|2024-05-26 23:48:51.014577
5129|1|127|127.0|2024-05-26 23:48:58.620387
5130|0|173|173.0|2024-05-26 23:48:59.257450
5131|0|156|156.0|2024-05-26 23:59:37.669265
5132|1|168|168.0|2024-05-26 23:59:37.670922
5133|1|166|166.0|2024-05-26 23:59:48.133251
5134|0|200|200.0|2024-05-26 23:59:50.200191
5135|0|146|146.0|2024-05-26 23:59:59.228359
5136|1|185|185.0|2024-05-26 23:59:59.491921
5137|0|188|188.0|2024-05-27 00:00:10.994140
5138|1|200|200.0|2024-05-27 00:00:11.961967
5139|0|200|200.0|2024-05-27 00:00:23.079983
5140|1|200|200.0|2024-05-27 00:00:24.041045
5141|0|200|200.0|2024-05-27 00:11:06.579402
5142|1|200|200.0|2024-05-27 00:11:07.652367
5143|0|200|200.0|2024-05-27 00:11:18.860019
5144|1|200|200.0|2024-05-27 00:11:19.872681
5145|0|200|200.0|2024-05-27 00:11:30.313294
5146|1|200|200.0|2024-05-27 00:11:31.376683
5147|0|200|200.0|2024-05-27 00:11:42.362506
5148|1|200|200.0|2024-05-27 00:11:43.361380
5149|0|180|180.0|2024-05-27 00:11:52.952627
5150|1|200|200.0|2024-05-27 00:11:55.231896
5151|0|200|200.0|2024-05-27 00:22:37.047190
5152|1|200|200.0|2024-05-27 00:22:39.164328
5153|0|200|200.0|2024-05-27 00:22:48.435749
5154|1|200|200.0|2024-05-27 00:22:50.558839
5155|0|200|200.0|2024-05-27 00:22:59.464584
5156|1|200|200.0|2024-05-27 00:23:01.568667
5157|0|200|200.0|2024-05-27 00:23:10.983053
5158|1|200|200.0|2024-05-27 00:23:13.035597
5159|0|200|200.0|2024-05-27 00:23:21.744278
5160|1|200|200.0|2024-05-27 00:23:23.672128
5161|0|200|200.0|2024-05-27 00:33:32.976453
5162|1|200|200.0|2024-05-27 00:33:35.207556
5163|0|200|200.0|2024-05-27 00:33:44.355860
5164|1|200|200.0|2024-05-27 00:33:46.437795
5165|0|187|187.0|2024-05-27 00:33:54.889389
5166|1|200|200.0|2024-05-27 00:33:57.676528
5167|0|200|200.0|2024-05-27 00:34:06.258652
5168|1|200|200.0|2024-05-27 00:34:09.292258
5169|0|200|200.0|2024-05-27 00:34:18.427830
5170|1|200|200.0|2024-05-27 00:34:21.140354
5171|0|200|200.0|2024-05-27 00:45:03.365087
5172|1|200|200.0|2024-05-27 00:45:06.345036
5173|0|200|200.0|2024-05-27 00:45:15.381221
5174|1|200|200.0|2024-05-27 00:45:18.481015
5175|0|200|200.0|2024-05-27 00:45:27.329147
5176|1|200|200.0|2024-05-27 00:45:30.214455
5177|0|200|200.0|2024-05-27 00:45:39.014590
5178|1|200|200.0|2024-05-27 00:45:42.321316
5179|0|200|200.0|2024-05-27 00:45:52.050193
5180|1|200|200.0|2024-05-27 00:45:55.273817
5181|0|200|200.0|2024-05-27 00:56:38.051538
5182|1|200|200.0|2024-05-27 00:56:41.189122
5183|0|200|200.0|2024-05-27 00:56:50.243539
5184|1|200|200.0|2024-05-27 00:56:53.148023
5185|0|200|200.0|2024-05-27 00:57:02.684080
5186|1|200|200.0|2024-05-27 00:57:06.005135
5187|0|200|200.0|2024-05-27 00:57:15.314665
5188|1|200|200.0|2024-05-27 00:57:18.364124
5189|0|200|200.0|2024-05-27 00:57:27.996682
5190|1|200|200.0|2024-05-27 00:57:31.381085
5191|0|200|200.0|2024-05-27 01:08:13.612257
5192|1|200|200.0|2024-05-27 01:08:16.693234
5193|0|200|200.0|2024-05-27 01:08:25.923502
5194|1|200|200.0|2024-05-27 01:08:28.885822
5195|0|200|200.0|2024-05-27 01:08:38.325814
5196|1|200|200.0|2024-05-27 01:08:41.423349
5197|0|200|200.0|2024-05-27 01:08:50.854202
5198|1|200|200.0|2024-05-27 01:08:53.970291
5199|1|38|38.0|2024-05-27 01:08:56.218126
5200|0|200|200.0|2024-05-27 01:09:02.541526
5201|1|200|200.0|2024-05-27 01:09:07.925139
5202|0|200|200.0|2024-05-27 01:19:14.059177
5203|1|200|200.0|2024-05-27 01:19:19.513239
5204|0|200|200.0|2024-05-27 01:19:26.201728
5205|1|200|200.0|2024-05-27 01:19:31.534546
5206|0|200|200.0|2024-05-27 01:19:38.568675
5207|1|200|200.0|2024-05-27 01:19:43.752292
5208|0|200|200.0|2024-05-27 01:19:50.462242
5209|1|200|200.0|2024-05-27 01:19:55.851995
5210|0|200|200.0|2024-05-27 01:20:02.694336
5211|1|200|200.0|2024-05-27 01:20:08.024242
5212|0|200|200.0|2024-05-27 01:30:45.538093
5213|1|200|200.0|2024-05-27 01:30:50.685984
5214|0|200|200.0|2024-05-27 01:30:57.508761
5215|1|200|200.0|2024-05-27 01:31:02.662167
5216|0|200|200.0|2024-05-27 01:31:09.394376
5217|1|200|200.0|2024-05-27 01:31:14.615210
5218|0|200|200.0|2024-05-27 01:31:21.438483
5219|1|200|200.0|2024-05-27 01:31:27.064320
5220|0|200|200.0|2024-05-27 01:31:34.500414
5221|1|200|200.0|2024-05-27 01:41:39.230406
5222|0|200|200.0|2024-05-27 01:41:46.183229
5223|1|200|200.0|2024-05-27 01:41:51.340540
5224|0|200|200.0|2024-05-27 01:41:58.110156
5225|1|200|200.0|2024-05-27 01:42:04.007181
5226|0|200|200.0|2024-05-27 01:42:10.997693
5227|1|200|200.0|2024-05-27 01:42:16.464742
5228|0|200|200.0|2024-05-27 01:42:23.048254
5229|1|200|200.0|2024-05-27 01:42:28.803592
5230|0|200|200.0|2024-05-27 01:42:35.654174
5231|1|200|200.0|2024-05-27 01:53:17.620953
5232|0|200|200.0|2024-05-27 01:53:24.025130
5233|1|200|200.0|2024-05-27 01:53:29.262852
5234|0|200|200.0|2024-05-27 01:53:36.090055
5235|1|200|200.0|2024-05-27 01:53:41.346683
5236|0|200|200.0|2024-05-27 01:53:47.851184
5237|1|200|200.0|2024-05-27 01:53:53.319928
5238|0|200|200.0|2024-05-27 01:54:00.169054
5239|1|200|200.0|2024-05-27 01:54:05.619871
5240|0|200|200.0|2024-05-27 01:54:12.093188
5241|1|200|200.0|2024-05-27 02:05:18.152053
5242|0|200|200.0|2024-05-27 02:05:24.721043
5243|1|200|200.0|2024-05-27 02:05:29.932264
5244|0|200|200.0|2024-05-27 02:05:36.589522
5245|1|200|200.0|2024-05-27 02:05:42.283526
5246|0|133|133.0|2024-05-27 02:05:45.245483
5247|1|200|200.0|2024-05-27 02:05:54.705942
5248|0|200|200.0|2024-05-27 02:05:57.244907
5249|1|200|200.0|2024-05-27 02:06:06.661886
5250|0|173|173.0|2024-05-27 02:06:07.984989
5251|1|200|200.0|2024-05-27 02:16:20.306962
5252|0|200|200.0|2024-05-27 02:16:21.448187
5253|1|172|172.0|2024-05-27 02:16:31.316627
5254|0|200|200.0|2024-05-27 02:16:34.053736
5255|0|71|71.0|2024-05-27 02:16:38.550225
5256|1|168|168.0|2024-05-27 02:16:41.579322
5257|0|170|170.0|2024-05-27 02:16:49.020084
5258|1|200|200.0|2024-05-27 02:16:53.715375
5259|0|192|192.0|2024-05-27 02:17:00.464568
5260|1|200|200.0|2024-05-27 02:17:05.613918
5261|0|200|200.0|2024-05-27 02:17:12.147524
5262|1|200|200.0|2024-05-27 02:17:17.325253
5263|0|200|200.0|2024-05-27 02:27:19.329754
5264|1|200|200.0|2024-05-27 02:27:24.814542
5265|0|200|200.0|2024-05-27 02:27:31.487752
5266|0|54|54.0|2024-05-27 02:27:34.655414
5267|1|200|200.0|2024-05-27 02:27:36.685665
5268|0|200|200.0|2024-05-27 02:27:47.114516
5269|1|200|200.0|2024-05-27 02:27:49.385171
5270|0|200|200.0|2024-05-27 02:27:59.684511
5271|1|200|200.0|2024-05-27 02:28:01.931638
5272|0|200|200.0|2024-05-27 02:28:12.157883
5273|1|200|200.0|2024-05-27 02:28:14.197366
5274|0|200|200.0|2024-05-27 02:39:28.981145
5275|1|174|174.0|2024-05-27 02:39:29.744192
5276|1|187|187.0|2024-05-27 02:39:41.524270
5277|0|200|200.0|2024-05-27 02:39:41.754307
5278|1|186|186.0|2024-05-27 02:39:53.730367
5279|0|187|187.0|2024-05-27 02:39:54.079513
5280|1|200|200.0|2024-05-27 02:40:05.547909
5281|0|200|200.0|2024-05-27 02:40:05.832199
5282|1|200|200.0|2024-05-27 02:40:17.253779
5283|0|200|200.0|2024-05-27 02:40:17.544898
5284|0|172|172.0|2024-05-27 02:51:34.393868
5285|1|200|200.0|2024-05-27 02:51:35.839025
5286|1|11|11.0|2024-05-27 02:51:36.521056
5287|0|197|197.0|2024-05-27 02:51:47.032705
5288|1|200|200.0|2024-05-27 02:51:49.366543
5289|0|200|200.0|2024-05-27 02:51:59.886542
5290|1|200|200.0|2024-05-27 02:52:02.232225
5291|0|103|103.0|2024-05-27 02:52:05.957718
5292|1|200|200.0|2024-05-27 02:52:13.327880
5293|0|200|200.0|2024-05-27 02:52:17.608352
5294|1|200|200.0|2024-05-27 02:52:25.989894
5295|0|200|200.0|2024-05-27 03:03:37.785498
5296|1|159|159.0|2024-05-27 03:03:43.446886
5297|0|200|200.0|2024-05-27 03:03:49.989689
5298|1|156|156.0|2024-05-27 03:03:52.820398
5299|0|200|200.0|2024-05-27 03:04:01.651433
5300|1|200|200.0|2024-05-27 03:04:04.916605
5301|0|200|200.0|2024-05-27 03:04:14.078436
5302|1|200|200.0|2024-05-27 03:04:16.940766
5303|0|200|200.0|2024-05-27 03:04:26.138399
5304|1|200|200.0|2024-05-27 03:04:28.898149
5305|0|200|200.0|2024-05-27 03:14:40.245595
5306|1|200|200.0|2024-05-27 03:14:43.240133
5307|0|200|200.0|2024-05-27 03:14:52.450993
5308|1|200|200.0|2024-05-27 03:14:55.591962
5309|0|200|200.0|2024-05-27 03:15:04.789028
5310|1|200|200.0|2024-05-27 03:15:07.896082
5311|0|200|200.0|2024-05-27 03:15:17.139666
5312|1|200|200.0|2024-05-27 03:15:20.298795
5313|0|200|200.0|2024-05-27 03:15:29.648131
5314|1|200|200.0|2024-05-27 03:15:32.781650
5315|0|200|200.0|2024-05-27 03:25:38.672663
5316|1|200|200.0|2024-05-27 03:25:41.816798
5317|0|200|200.0|2024-05-27 03:25:50.856372
5318|1|200|200.0|2024-05-27 03:25:53.745554
5319|0|200|200.0|2024-05-27 03:26:02.902743
5320|1|200|200.0|2024-05-27 03:26:05.657601
5321|0|200|200.0|2024-05-27 03:26:14.824065
5322|1|200|200.0|2024-05-27 03:26:17.726085
5323|0|200|200.0|2024-05-27 03:26:26.938627
5324|1|200|200.0|2024-05-27 03:26:29.842402
5325|0|200|200.0|2024-05-27 03:36:37.036592
5326|1|200|200.0|2024-05-27 03:36:39.956937
5327|0|188|188.0|2024-05-27 03:36:48.304714
5328|1|200|200.0|2024-05-27 03:36:52.211040
5329|0|200|200.0|2024-05-27 03:37:00.955201
5330|1|200|200.0|2024-05-27 03:37:04.538922
5331|0|200|200.0|2024-05-27 03:37:13.007308
5332|1|200|200.0|2024-05-27 03:37:16.686255
5333|0|200|200.0|2024-05-27 03:37:25.168278
5334|1|200|200.0|2024-05-27 03:37:28.667657
5335|0|200|200.0|2024-05-27 03:48:08.660623
5336|1|200|200.0|2024-05-27 03:48:12.338532
5337|0|200|200.0|2024-05-27 03:48:20.580339
5338|1|200|200.0|2024-05-27 03:48:24.365471
5339|0|200|200.0|2024-05-27 03:48:33.136979
5340|1|200|200.0|2024-05-27 03:48:36.816211
5341|0|195|195.0|2024-05-27 03:48:45.211059
5342|1|200|200.0|2024-05-27 03:48:49.396613
5343|0|200|200.0|2024-05-27 03:48:58.087146
5344|1|200|200.0|2024-05-27 03:49:02.148204
5345|0|177|177.0|2024-05-27 03:59:43.034823
5346|1|200|200.0|2024-05-27 03:59:48.072487
5347|0|129|129.0|2024-05-27 03:59:50.460386
5348|1|200|200.0|2024-05-27 03:59:59.992808
5349|0|200|200.0|2024-05-27 04:00:02.544634
5350|1|200|200.0|2024-05-27 04:00:12.547941
5351|0|200|200.0|2024-05-27 04:00:15.205613
5352|1|200|200.0|2024-05-27 04:00:25.403795
5353|0|200|200.0|2024-05-27 04:00:27.650244
5354|1|200|200.0|2024-05-27 04:00:36.743234
5355|0|200|200.0|2024-05-27 04:00:39.324789
5356|1|200|200.0|2024-05-27 04:10:48.877710
5357|0|200|200.0|2024-05-27 04:10:51.223489
5358|1|200|200.0|2024-05-27 04:11:01.381685
5359|0|200|200.0|2024-05-27 04:11:03.891999
5360|1|200|200.0|2024-05-27 04:11:13.712407
5361|0|200|200.0|2024-05-27 04:11:16.165141
5362|1|200|200.0|2024-05-27 04:11:25.521008
5363|0|200|200.0|2024-05-27 04:11:27.946108
5364|1|200|200.0|2024-05-27 04:11:36.986824
5365|0|200|200.0|2024-05-27 04:11:39.140658
5366|1|200|200.0|2024-05-27 04:21:47.296549
5367|0|200|200.0|2024-05-27 04:21:49.496594
5368|1|200|200.0|2024-05-27 04:21:58.497198
5369|0|187|187.0|2024-05-27 04:21:59.809830
5370|1|186|186.0|2024-05-27 04:22:09.338618
5371|0|200|200.0|2024-05-27 04:22:11.903553
5372|1|187|187.0|2024-05-27 04:22:20.979981
5373|0|200|200.0|2024-05-27 04:22:24.232651
5374|1|200|200.0|2024-05-27 04:22:33.244921
5375|0|200|200.0|2024-05-27 04:22:36.954870
5376|1|200|200.0|2024-05-27 04:33:45.590250
5377|0|200|200.0|2024-05-27 04:33:48.394985
5378|1|200|200.0|2024-05-27 04:33:56.662704
5379|0|200|200.0|2024-05-27 04:33:59.856534
5380|1|191|191.0|2024-05-27 04:34:07.793534
5381|0|200|200.0|2024-05-27 04:34:11.558597
5382|1|200|200.0|2024-05-27 04:34:20.387195
5383|0|191|191.0|2024-05-27 04:34:23.993153
5384|1|200|200.0|2024-05-27 04:34:33.066251
5385|0|200|200.0|2024-05-27 04:34:36.446701
5386|1|200|200.0|2024-05-27 04:44:47.719178
5387|0|200|200.0|2024-05-27 04:44:51.272558
5388|1|200|200.0|2024-05-27 04:45:00.789473
5389|0|200|200.0|2024-05-27 04:45:04.232137
5390|1|200|200.0|2024-05-27 04:45:13.204653
5391|0|200|200.0|2024-05-27 04:45:16.612098
5392|1|200|200.0|2024-05-27 04:45:25.879896
5393|1|38|38.0|2024-05-27 04:45:28.221315
5394|0|200|200.0|2024-05-27 04:45:29.280552
5395|0|166|166.0|2024-05-27 04:45:39.614515
5396|1|200|200.0|2024-05-27 04:45:40.747491
5397|1|140|140.0|2024-05-27 04:57:29.626649
5398|0|200|200.0|2024-05-27 04:57:32.282599
5399|1|200|200.0|2024-05-27 04:57:42.042745
5400|0|200|200.0|2024-05-27 04:57:45.066890
5401|1|185|185.0|2024-05-27 04:57:54.272366
5402|0|200|200.0|2024-05-27 04:57:57.889746
5403|1|200|200.0|2024-05-27 04:58:06.868602
5404|0|200|200.0|2024-05-27 04:58:10.726464
5405|1|200|200.0|2024-05-27 04:58:19.672211
5406|0|200|200.0|2024-05-27 04:58:23.294750
5407|1|200|200.0|2024-05-27 05:09:15.225725
5408|0|200|200.0|2024-05-27 05:09:18.539670
5409|1|181|181.0|2024-05-27 05:09:26.352037
5410|0|200|200.0|2024-05-27 05:09:31.295547
5411|1|200|200.0|2024-05-27 05:09:38.946505
5412|0|200|200.0|2024-05-27 05:09:43.929931
5413|1|200|200.0|2024-05-27 05:09:52.038570
5414|0|200|200.0|2024-05-27 05:09:56.785723
5415|1|200|200.0|2024-05-27 05:10:04.672626
5416|0|153|153.0|2024-05-27 05:10:06.493985
5417|1|200|200.0|2024-05-27 05:21:25.925924
5418|0|200|200.0|2024-05-27 05:21:27.674650
5419|1|200|200.0|2024-05-27 05:21:38.476352
5420|0|200|200.0|2024-05-27 05:21:40.300737
5421|1|179|179.0|2024-05-27 05:21:49.739136
5422|0|200|200.0|2024-05-27 05:21:52.595980
5423|1|200|200.0|2024-05-27 05:22:02.487412
5424|0|166|166.0|2024-05-27 05:22:03.492757
5425|1|200|200.0|2024-05-27 05:22:15.839445
5426|0|200|200.0|2024-05-27 05:22:16.935469
5427|1|200|200.0|2024-05-27 05:33:05.607755
5428|0|200|200.0|2024-05-27 05:33:06.494598
5429|1|200|200.0|2024-05-27 05:33:17.405346
5430|0|200|200.0|2024-05-27 05:33:18.359823
5431|1|200|200.0|2024-05-27 05:33:30.289440
5432|0|200|200.0|2024-05-27 05:33:31.283331
5433|1|200|200.0|2024-05-27 05:33:42.296307
5434|0|200|200.0|2024-05-27 05:33:43.304154
5435|1|147|147.0|2024-05-27 05:33:51.471291
5436|0|200|200.0|2024-05-27 05:33:55.879937
5437|1|200|200.0|2024-05-27 05:45:41.951199
5438|0|198|198.0|2024-05-27 05:45:46.070873
5439|1|165|165.0|2024-05-27 05:45:52.290327
5440|0|200|200.0|2024-05-27 05:45:58.937001
5441|1|167|167.0|2024-05-27 05:46:03.006490
5442|0|187|187.0|2024-05-27 05:46:10.797554
5443|1|200|200.0|2024-05-27 05:46:15.844759
5444|0|186|186.0|2024-05-27 05:46:22.809945
5445|1|153|153.0|2024-05-27 05:46:25.707616
5446|0|200|200.0|2024-05-27 05:46:35.888164
5447|1|175|175.0|2024-05-27 05:46:37.198560
5448|0|183|183.0|2024-05-27 05:57:58.023468
5449|1|194|194.0|2024-05-27 05:57:59.969461
5450|0|200|200.0|2024-05-27 05:58:11.223664
5451|1|191|191.0|2024-05-27 05:58:12.597749
5452|0|200|200.0|2024-05-27 05:58:23.905974
5453|1|200|200.0|2024-05-27 05:58:25.368115
5454|0|200|200.0|2024-05-27 05:58:36.650789
5455|1|200|200.0|2024-05-27 05:58:38.029105
5456|0|143|143.0|2024-05-27 05:58:45.614414
5457|1|184|184.0|2024-05-27 05:58:49.658667
5458|0|200|200.0|2024-05-27 06:10:07.716716
5459|1|200|200.0|2024-05-27 06:10:11.622958
5460|0|181|181.0|2024-05-27 06:10:19.206939
5461|1|200|200.0|2024-05-27 06:10:24.712754
5462|0|167|167.0|2024-05-27 06:10:30.267929
5463|1|190|190.0|2024-05-27 06:10:36.803700
5464|0|180|180.0|2024-05-27 06:10:41.322529
5465|1|196|196.0|2024-05-27 06:10:48.954272
5466|0|200|200.0|2024-05-27 06:10:53.699954
5467|1|186|186.0|2024-05-27 06:11:00.130122
5468|0|185|185.0|2024-05-27 06:11:05.093646
5469|1|172|172.0|2024-05-27 06:21:50.250336
5470|0|200|200.0|2024-05-27 06:21:56.755754
5471|1|173|173.0|2024-05-27 06:22:01.031089
5472|0|178|178.0|2024-05-27 06:22:07.972191
5473|1|164|164.0|2024-05-27 06:22:11.325364
5474|1|143|143.0|2024-05-27 06:22:19.991049
5475|0|200|200.0|2024-05-27 06:22:20.486708
5476|1|145|145.0|2024-05-27 06:22:29.139663
5477|0|200|200.0|2024-05-27 06:22:32.542972
5478|0|61|61.0|2024-05-27 06:22:36.241174
5479|1|154|154.0|2024-05-27 06:22:38.266959
5480|0|39|39.0|2024-05-27 06:22:38.628557
5481|0|162|162.0|2024-05-27 06:22:48.351516
5482|1|168|168.0|2024-05-27 06:22:48.388586
5483|1|126|126.0|2024-05-27 06:34:03.143921
5484|0|157|157.0|2024-05-27 06:34:04.983984
5485|1|56|56.0|2024-05-27 06:34:06.514484
5486|0|144|144.0|2024-05-27 06:34:13.983304
5487|1|177|177.0|2024-05-27 06:34:17.809731
5488|0|148|148.0|2024-05-27 06:34:23.152152
5489|1|139|139.0|2024-05-27 06:34:26.096425
5490|0|168|168.0|2024-05-27 06:34:33.353912
5491|1|127|127.0|2024-05-27 06:34:33.898378
5492|1|135|135.0|2024-05-27 06:34:41.924397
5493|0|156|156.0|2024-05-27 06:34:42.503094
5494|0|149|149.0|2024-05-27 06:34:56.101770
5495|1|170|170.0|2024-05-27 06:34:56.559123
5496|1|124|124.0|2024-05-27 06:47:15.660145
5497|0|145|145.0|2024-05-27 06:47:16.408097
5498|1|151|151.0|2024-05-27 06:47:24.488423
5499|0|167|167.0|2024-05-27 06:47:26.109914
5500|1|142|142.0|2024-05-27 06:47:32.860007
5501|0|159|159.0|2024-05-27 06:47:35.528258
5502|1|172|172.0|2024-05-27 06:47:43.125428
5503|0|148|148.0|2024-05-27 06:47:44.308354
5504|1|142|142.0|2024-05-27 06:47:51.488648
5505|0|200|200.0|2024-05-27 06:47:56.113953
5506|1|150|150.0|2024-05-27 06:48:00.242057
5507|0|133|133.0|2024-05-27 06:48:04.018117
5508|1|174|174.0|2024-05-27 06:48:10.989544
5509|0|178|178.0|2024-05-27 06:59:33.514072
5510|1|167|167.0|2024-05-27 06:59:39.139229
5511|0|153|153.0|2024-05-27 06:59:42.154779
5512|1|140|140.0|2024-05-27 06:59:47.083929
5513|0|131|131.0|2024-05-27 06:59:49.546236
5514|1|177|177.0|2024-05-27 06:59:57.325175
5515|0|143|143.0|2024-05-27 06:59:57.912582
5516|1|172|172.0|2024-05-27 07:00:07.211749
5517|0|166|166.0|2024-05-27 07:00:07.391027
5518|1|124|124.0|2024-05-27 07:00:14.383063
5519|0|137|137.0|2024-05-27 07:00:15.435340
5520|1|145|145.0|2024-05-27 07:00:23.180045
5521|0|200|200.0|2024-05-27 07:00:27.435695
5522|1|128|128.0|2024-05-27 07:10:23.036382
5523|0|161|161.0|2024-05-27 07:10:29.129342
5524|1|124|124.0|2024-05-27 07:10:30.325133
5525|0|147|147.0|2024-05-27 07:10:37.844306
5526|1|140|140.0|2024-05-27 07:10:38.556344
5527|0|134|134.0|2024-05-27 07:10:46.152474
5528|1|132|132.0|2024-05-27 07:10:46.847553
5529|0|170|170.0|2024-05-27 07:10:56.887914
5530|1|163|163.0|2024-05-27 07:10:57.080736
5531|0|141|141.0|2024-05-27 07:11:05.927492
5532|1|163|163.0|2024-05-27 07:11:07.523911
5533|0|125|125.0|2024-05-27 07:11:13.550211
5534|1|157|157.0|2024-05-27 07:11:17.116319
5535|0|110|110.0|2024-05-27 07:11:20.407830
5536|1|165|165.0|2024-05-27 07:20:31.449586
5537|0|163|163.0|2024-05-27 07:20:34.544575
5538|1|172|172.0|2024-05-27 07:20:42.201808
5539|0|162|162.0|2024-05-27 07:20:44.581384
5540|1|179|179.0|2024-05-27 07:20:53.279833
5541|0|151|151.0|2024-05-27 07:20:54.041467
5542|0|145|145.0|2024-05-27 07:21:02.713709
5543|1|162|162.0|2024-05-27 07:21:02.959580
5544|0|136|136.0|2024-05-27 07:21:11.085115
5545|1|161|161.0|2024-05-27 07:21:12.950095
5546|1|139|139.0|2024-05-27 07:21:21.452254
5547|0|182|182.0|2024-05-27 07:21:22.294492
5548|0|132|132.0|2024-05-27 07:31:31.714851
5549|1|153|153.0|2024-05-27 07:31:32.268529
5550|0|156|156.0|2024-05-27 07:31:41.854225
5551|1|183|183.0|2024-05-27 07:31:44.036332
5552|0|147|147.0|2024-05-27 07:31:50.479989
5553|1|158|158.0|2024-05-27 07:31:53.261259
5554|1|14|14.0|2024-05-27 07:31:54.034782
5555|0|141|141.0|2024-05-27 07:31:58.854643
5556|1|193|193.0|2024-05-27 07:32:05.718185
5557|0|143|143.0|2024-05-27 07:32:07.620579
5558|1|139|139.0|2024-05-27 07:32:13.912638
5559|0|145|145.0|2024-05-27 07:32:16.216332
5560|1|139|139.0|2024-05-27 07:32:22.465396
5561|0|152|152.0|2024-05-27 07:32:25.322629
5562|1|145|145.0|2024-05-27 07:42:21.733476
5563|0|157|157.0|2024-05-27 07:42:25.643955
5564|1|157|157.0|2024-05-27 07:42:31.408179
5565|0|158|158.0|2024-05-27 07:42:35.365837
5566|1|200|200.0|2024-05-27 07:42:44.002470
5567|0|200|200.0|2024-05-27 07:42:48.100782
5568|1|161|161.0|2024-05-27 07:42:54.329451
5569|0|176|176.0|2024-05-27 07:42:59.383651
5570|1|175|175.0|2024-05-27 07:43:05.334826
5571|0|183|183.0|2024-05-27 07:43:10.537792
5572|1|182|182.0|2024-05-27 07:43:16.138169
5573|0|127|127.0|2024-05-27 07:43:17.896581
5574|1|200|200.0|2024-05-27 07:52:45.384999
5575|0|200|200.0|2024-05-27 07:52:47.446279
5576|0|59|59.0|2024-05-27 07:52:51.139034
5577|1|200|200.0|2024-05-27 07:52:57.717880
5578|0|200|200.0|2024-05-27 07:53:02.843594
5579|1|196|196.0|2024-05-27 07:53:09.132900
5580|0|200|200.0|2024-05-27 07:53:14.495469
5581|1|200|200.0|2024-05-27 07:53:20.647344
5582|0|200|200.0|2024-05-27 07:53:26.328180
5583|1|200|200.0|2024-05-27 07:53:32.606258
5584|0|166|166.0|2024-05-27 07:53:36.271370
5585|1|200|200.0|2024-05-27 08:02:27.819808
5586|0|181|181.0|2024-05-27 08:02:30.232323
5587|1|200|200.0|2024-05-27 08:02:39.670577
5588|0|200|200.0|2024-05-27 08:02:41.987459
5589|1|200|200.0|2024-05-27 08:02:51.853425
5590|0|200|200.0|2024-05-27 08:02:54.379517
5591|1|200|200.0|2024-05-27 08:03:03.901871
5592|0|200|200.0|2024-05-27 08:03:06.478444
5593|1|200|200.0|2024-05-27 08:03:16.550854
5594|0|200|200.0|2024-05-27 08:03:19.172694
5595|1|200|200.0|2024-05-27 08:12:12.588741
5596|0|200|200.0|2024-05-27 08:12:15.193489
5597|1|200|200.0|2024-05-27 08:12:24.681403
5598|0|200|200.0|2024-05-27 08:12:27.152396
5599|1|200|200.0|2024-05-27 08:12:37.349232
5600|0|200|200.0|2024-05-27 08:12:40.194544
5601|1|200|200.0|2024-05-27 08:12:49.868104
5602|0|200|200.0|2024-05-27 08:12:52.477003
5603|1|200|200.0|2024-05-27 08:13:01.816509
5604|0|200|200.0|2024-05-27 08:13:04.309549
5605|1|200|200.0|2024-05-27 08:21:57.490044
5606|0|193|193.0|2024-05-27 08:21:59.373435
5607|1|168|168.0|2024-05-27 08:22:07.238584
5608|0|178|178.0|2024-05-27 08:22:09.862274
5609|1|143|143.0|2024-05-27 08:22:15.727685
5610|0|200|200.0|2024-05-27 08:22:21.711956
5611|1|191|191.0|2024-05-27 08:22:26.842297
5612|0|158|158.0|2024-05-27 08:22:30.783866
5613|1|186|186.0|2024-05-27 08:22:37.656899
5614|0|185|185.0|2024-05-27 08:22:41.423988
5615|1|191|191.0|2024-05-27 08:31:32.527265
5616|0|191|191.0|2024-05-27 08:31:36.402282
5617|1|173|173.0|2024-05-27 08:31:42.697007
5618|0|191|191.0|2024-05-27 08:31:47.352967
5619|1|196|196.0|2024-05-27 08:31:53.973609
5620|1|31|31.0|2024-05-27 08:31:55.752075
5621|0|163|163.0|2024-05-27 08:31:57.009338
5622|0|141|141.0|2024-05-27 08:32:05.213134
5623|1|167|167.0|2024-05-27 08:32:05.510985
5624|0|149|149.0|2024-05-27 08:32:14.015582
5625|1|148|148.0|2024-05-27 08:32:14.564987
5626|1|139|139.0|2024-05-27 08:32:22.983179
5627|0|161|161.0|2024-05-27 08:32:24.136795
5628|1|200|200.0|2024-05-27 08:41:23.706604
5629|0|200|200.0|2024-05-27 08:41:24.715200
5630|1|149|149.0|2024-05-27 08:41:32.566716
5631|0|196|196.0|2024-05-27 08:41:36.616969
5632|1|194|194.0|2024-05-27 08:41:44.852179
5633|0|140|140.0|2024-05-27 08:41:45.631535
5634|1|200|200.0|2024-05-27 08:41:57.185978
5635|0|200|200.0|2024-05-27 08:41:57.934654
5636|1|200|200.0|2024-05-27 08:42:09.691378
5637|0|194|194.0|2024-05-27 08:42:09.992773
5638|1|184|184.0|2024-05-27 08:51:13.968253
5639|0|200|200.0|2024-05-27 08:51:15.299855
5640|0|168|168.0|2024-05-27 08:51:25.666758
5641|1|200|200.0|2024-05-27 08:51:26.398471
5642|0|168|168.0|2024-05-27 08:51:36.416119
5643|1|167|167.0|2024-05-27 08:51:37.003956
5644|0|168|168.0|2024-05-27 08:51:46.240433
5645|1|177|177.0|2024-05-27 08:51:47.385224
5646|0|166|166.0|2024-05-27 08:51:56.331853
5647|1|187|187.0|2024-05-27 08:51:58.633724
5648|0|200|200.0|2024-05-27 08:52:07.683980
5649|1|200|200.0|2024-05-27 08:52:10.131408
5650|0|200|200.0|2024-05-27 09:01:10.002706
5651|1|174|174.0|2024-05-27 09:01:10.863181
5652|1|171|171.0|2024-05-27 09:01:20.827227
5653|0|200|200.0|2024-05-27 09:01:21.739801
5654|0|182|182.0|2024-05-27 09:01:32.499545
5655|1|200|200.0|2024-05-27 09:01:32.666983
5656|1|191|191.0|2024-05-27 09:01:44.131319
5657|0|200|200.0|2024-05-27 09:01:44.457430
5658|1|161|161.0|2024-05-27 09:01:53.801120
5659|0|174|174.0|2024-05-27 09:01:54.936265
5660|1|148|148.0|2024-05-27 09:10:53.725471
5661|0|157|157.0|2024-05-27 09:10:55.292238
5662|1|200|200.0|2024-05-27 09:11:05.994628
5663|0|187|187.0|2024-05-27 09:11:07.116433
5664|0|161|161.0|2024-05-27 09:11:17.399334
5665|1|200|200.0|2024-05-27 09:11:18.820739
5666|0|150|150.0|2024-05-27 09:11:26.698659
5667|1|140|140.0|2024-05-27 09:11:27.564995
5668|0|176|176.0|2024-05-27 09:11:37.810841
5669|1|200|200.0|2024-05-27 09:11:40.463233
5670|0|194|194.0|2024-05-27 09:11:50.060965
5671|1|182|182.0|2024-05-27 09:11:51.812050
5672|0|160|160.0|2024-05-27 09:21:32.926093
5673|1|198|198.0|2024-05-27 09:21:36.878654
5674|0|147|147.0|2024-05-27 09:21:42.110822
5675|1|120|120.0|2024-05-27 09:21:44.746854
5676|0|155|155.0|2024-05-27 09:21:52.342110
5677|1|145|145.0|2024-05-27 09:21:53.974899
5678|0|178|178.0|2024-05-27 09:22:03.412502
5679|1|200|200.0|2024-05-27 09:22:06.419518
5680|0|151|151.0|2024-05-27 09:22:12.421787
5681|1|141|141.0|2024-05-27 09:22:14.855282
5682|0|128|128.0|2024-05-27 09:22:20.728549
5683|1|200|200.0|2024-05-27 09:22:27.921378
5684|0|186|186.0|2024-05-27 09:31:26.909924
5685|1|155|155.0|2024-05-27 09:31:32.142765
5686|0|181|181.0|2024-05-27 09:31:38.433890
5687|1|179|179.0|2024-05-27 09:31:43.233981
5688|0|200|200.0|2024-05-27 09:31:50.643265
5689|1|167|167.0|2024-05-27 09:31:53.543147
5690|0|200|200.0|2024-05-27 09:32:03.355225
5691|1|200|200.0|2024-05-27 09:32:06.168706
5692|0|151|151.0|2024-05-27 09:32:12.928518
5693|1|161|161.0|2024-05-27 09:32:16.497368
5694|0|200|200.0|2024-05-27 09:32:25.132565
5695|1|200|200.0|2024-05-27 09:41:56.241036
5696|0|200|200.0|2024-05-27 09:42:05.544151
5697|1|167|167.0|2024-05-27 09:42:06.999978
5698|0|199|199.0|2024-05-27 09:42:17.649604
5699|1|200|200.0|2024-05-27 09:42:19.009958
5700|1|138|138.0|2024-05-27 09:42:27.310094
5701|0|200|200.0|2024-05-27 09:42:29.750484
5702|1|185|185.0|2024-05-27 09:42:38.580873
5703|0|198|198.0|2024-05-27 09:42:41.650555
5704|1|182|182.0|2024-05-27 09:42:49.401726
5705|0|179|179.0|2024-05-27 09:42:52.309680
5706|1|168|168.0|2024-05-27 09:52:24.890913
5707|0|200|200.0|2024-05-27 09:52:29.649282
5708|1|187|187.0|2024-05-27 09:52:35.882484
5709|0|200|200.0|2024-05-27 09:52:41.575963
5710|1|200|200.0|2024-05-27 09:52:48.155271
5711|0|200|200.0|2024-05-27 09:52:53.644297
5712|1|167|167.0|2024-05-27 09:52:57.782259
5713|0|82|82.0|2024-05-27 09:52:58.270357
5714|1|154|154.0|2024-05-27 09:53:06.990279
5715|0|200|200.0|2024-05-27 09:53:10.419821
5716|1|187|187.0|2024-05-27 09:53:18.410173
5717|0|160|160.0|2024-05-27 10:02:17.663906
5718|1|137|137.0|2024-05-27 10:02:24.299605
5719|0|147|147.0|2024-05-27 10:02:26.451830
5720|1|200|200.0|2024-05-27 10:02:35.515677
5721|0|175|175.0|2024-05-27 10:02:36.284827
5722|1|126|126.0|2024-05-27 10:02:42.867462
5723|0|171|171.0|2024-05-27 10:02:46.282631
5724|1|200|200.0|2024-05-27 10:02:54.582699
5725|0|200|200.0|2024-05-27 10:02:58.056736
5726|1|188|188.0|2024-05-27 10:03:05.537983
5727|0|155|155.0|2024-05-27 10:03:06.955912
5728|0|157|157.0|2024-05-27 10:12:45.352869
5729|1|187|187.0|2024-05-27 10:12:45.637219
5730|1|44|44.0|2024-05-27 10:12:48.126469
5731|0|199|199.0|2024-05-27 10:12:57.179623
5732|1|172|172.0|2024-05-27 10:12:58.554722
5733|0|140|140.0|2024-05-27 10:13:05.417841
5734|1|200|200.0|2024-05-27 10:13:10.078600
5735|0|183|183.0|2024-05-27 10:13:15.835612
5736|1|200|200.0|2024-05-27 10:13:21.636613
5737|0|176|176.0|2024-05-27 10:13:26.087763
5738|1|179|179.0|2024-05-27 10:13:32.019780
5739|0|180|180.0|2024-05-27 10:13:36.494562
5740|1|200|200.0|2024-05-27 10:23:13.755682
5741|0|163|163.0|2024-05-27 10:23:16.184705
5742|1|200|200.0|2024-05-27 10:23:25.755040
5743|0|200|200.0|2024-05-27 10:23:28.136927
5744|1|154|154.0|2024-05-27 10:23:35.047696
5745|0|136|136.0|2024-05-27 10:23:36.453571
5746|1|200|200.0|2024-05-27 10:23:47.557450
5747|0|200|200.0|2024-05-27 10:23:48.987940
5748|0|125|125.0|2024-05-27 10:23:56.708557
5749|1|188|188.0|2024-05-27 10:23:59.303912
5750|0|185|185.0|2024-05-27 10:24:08.378332
5751|1|170|170.0|2024-05-27 10:24:09.979445
5752|1|147|147.0|2024-05-27 10:33:06.792265
5753|0|184|184.0|2024-05-27 10:33:07.548588
5754|1|172|172.0|2024-05-27 10:33:16.970684
5755|0|200|200.0|2024-05-27 10:33:19.342280
5756|1|200|200.0|2024-05-27 10:33:29.208860
5757|0|200|200.0|2024-05-27 10:33:31.827118
5758|0|150|150.0|2024-05-27 10:33:40.972468
5759|1|200|200.0|2024-05-27 10:33:41.676390
5760|0|197|197.0|2024-05-27 10:33:52.956337
5761|1|200|200.0|2024-05-27 10:33:53.680471
5762|0|178|178.0|2024-05-27 10:42:57.039526
5763|1|200|200.0|2024-05-27 10:42:59.229952
5764|0|200|200.0|2024-05-27 10:43:09.465324
5765|1|200|200.0|2024-05-27 10:43:11.589144
5766|0|200|200.0|2024-05-27 10:43:21.899394
5767|1|200|200.0|2024-05-27 10:43:23.778433
5768|0|200|200.0|2024-05-27 10:43:33.472731
5769|1|200|200.0|2024-05-27 10:43:35.533659
5770|0|183|183.0|2024-05-27 10:43:44.198311
5771|1|200|200.0|2024-05-27 10:43:47.329857
5772|0|200|200.0|2024-05-27 10:52:45.307934
5773|1|200|200.0|2024-05-27 10:52:48.464354
5774|0|200|200.0|2024-05-27 10:52:57.026065
5775|1|200|200.0|2024-05-27 10:53:00.125458
5776|0|189|189.0|2024-05-27 10:53:08.460529
5777|1|200|200.0|2024-05-27 10:53:12.062781
5778|0|200|200.0|2024-05-27 10:53:20.095369
5779|1|200|200.0|2024-05-27 10:53:24.021431
5780|0|200|200.0|2024-05-27 10:53:31.910539
5781|1|200|200.0|2024-05-27 10:53:35.678055
5782|0|200|200.0|2024-05-27 11:03:12.796476
5783|1|196|196.0|2024-05-27 11:03:16.561206
5784|0|169|169.0|2024-05-27 11:03:23.236769
5785|1|200|200.0|2024-05-27 11:03:28.824604
5786|0|200|200.0|2024-05-27 11:03:35.771212
5787|1|168|168.0|2024-05-27 11:03:39.445469
5788|0|195|195.0|2024-05-27 11:03:47.689764
5789|1|200|200.0|2024-05-27 11:03:51.531303
5790|0|200|200.0|2024-05-27 11:03:59.991182
5791|1|200|200.0|2024-05-27 11:04:03.800526
5792|0|168|168.0|2024-05-27 11:04:10.140394
5793|1|159|159.0|2024-05-27 11:13:04.207833
5794|0|200|200.0|2024-05-27 11:13:13.192161
5795|1|200|200.0|2024-05-27 11:13:16.509362
5796|0|187|187.0|2024-05-27 11:13:24.513481
5797|1|178|178.0|2024-05-27 11:13:26.987283
5798|0|200|200.0|2024-05-27 11:13:36.552201
5799|1|174|174.0|2024-05-27 11:13:37.664150
5800|0|160|160.0|2024-05-27 11:13:46.471657
5801|1|199|199.0|2024-05-27 11:13:50.125884
5802|0|200|200.0|2024-05-27 11:13:59.105672
5803|1|184|184.0|2024-05-27 11:14:01.858471
5804|0|167|167.0|2024-05-27 11:22:58.681169
5805|1|181|181.0|2024-05-27 11:23:02.137846
5806|0|136|136.0|2024-05-27 11:23:06.977107
5807|1|179|179.0|2024-05-27 11:23:13.041773
5808|0|190|190.0|2024-05-27 11:23:18.497883
5809|1|192|192.0|2024-05-27 11:23:24.555035
5810|0|200|200.0|2024-05-27 11:23:30.582263
5811|1|200|200.0|2024-05-27 11:23:36.606935
5812|0|149|149.0|2024-05-27 11:23:39.356207
5813|1|179|179.0|2024-05-27 11:23:47.706382
5814|0|174|174.0|2024-05-27 11:23:50.557058
5815|1|190|190.0|2024-05-27 11:33:25.000084
5816|0|200|200.0|2024-05-27 11:33:28.426757
5817|0|69|69.0|2024-05-27 11:33:32.805773
5818|1|200|200.0|2024-05-27 11:33:37.457206
5819|0|169|169.0|2024-05-27 11:33:43.221023
5820|1|146|146.0|2024-05-27 11:33:46.461807
5821|0|137|137.0|2024-05-27 11:33:51.427423
5822|1|196|196.0|2024-05-27 11:33:58.234084
5823|0|163|163.0|2024-05-27 11:34:01.348688
5824|1|200|200.0|2024-05-27 11:34:10.456020
5825|0|200|200.0|2024-05-27 11:34:13.630076
5826|1|168|168.0|2024-05-27 11:44:31.040428
5827|0|123|123.0|2024-05-27 11:44:31.272857
5828|1|176|176.0|2024-05-27 11:44:41.331063
5829|0|193|193.0|2024-05-27 11:44:42.619463
5830|1|123|123.0|2024-05-27 11:44:48.523760
5831|0|191|191.0|2024-05-27 11:44:53.787271
5832|1|174|174.0|2024-05-27 11:44:58.503545
5833|0|196|196.0|2024-05-27 11:45:05.011709
5834|1|199|199.0|2024-05-27 11:45:10.236367
5835|0|166|166.0|2024-05-27 11:45:14.590730
5836|1|200|200.0|2024-05-27 11:45:21.049373
5837|0|157|157.0|2024-05-27 11:45:22.937349
5838|1|160|160.0|2024-05-27 11:54:18.028043
5839|0|187|187.0|2024-05-27 11:54:21.317641
5840|1|200|200.0|2024-05-27 11:54:28.748306
5841|0|151|151.0|2024-05-27 11:54:29.467398
5842|1|175|175.0|2024-05-27 11:54:38.618786
5843|0|193|193.0|2024-05-27 11:54:40.532062
5844|1|164|164.0|2024-05-27 11:54:48.463058
5845|0|200|200.0|2024-05-27 11:54:52.542305
5846|1|188|188.0|2024-05-27 11:54:59.947389
5847|0|200|200.0|2024-05-27 11:55:04.929249
5848|1|198|198.0|2024-05-27 11:55:12.370784
5849|0|200|200.0|2024-05-27 12:04:43.230594
5850|1|200|200.0|2024-05-27 12:04:50.658727
5851|0|173|173.0|2024-05-27 12:04:53.816562
5852|1|150|150.0|2024-05-27 12:04:59.478021
5853|0|129|129.0|2024-05-27 12:05:01.286192
5854|1|179|179.0|2024-05-27 12:05:09.779644
5855|0|168|168.0|2024-05-27 12:05:11.092438
5856|1|188|188.0|2024-05-27 12:05:20.741995
5857|0|200|200.0|2024-05-27 12:05:22.558550
5858|1|154|154.0|2024-05-27 12:05:29.497464
5859|0|180|180.0|2024-05-27 12:05:33.229906
5860|1|200|200.0|2024-05-27 12:14:35.913396
5861|0|160|160.0|2024-05-27 12:14:37.107382
5862|1|146|146.0|2024-05-27 12:14:44.786562
5863|0|158|158.0|2024-05-27 12:14:46.843905
5864|1|181|181.0|2024-05-27 12:14:55.748648
5865|0|174|174.0|2024-05-27 12:14:57.311209
5866|0|159|159.0|2024-05-27 12:15:07.048214
5867|1|187|187.0|2024-05-27 12:15:07.248352
5868|0|136|136.0|2024-05-27 12:15:15.084606
5869|1|200|200.0|2024-05-27 12:15:19.018812
5870|0|154|154.0|2024-05-27 12:15:24.522093
5871|1|200|200.0|2024-05-27 12:15:31.790536
5872|0|193|193.0|2024-05-27 12:24:27.140564
5873|1|136|136.0|2024-05-27 12:24:30.313799
5874|0|144|144.0|2024-05-27 12:24:35.335778
5875|1|157|157.0|2024-05-27 12:24:39.323281
5876|1|27|27.0|2024-05-27 12:24:40.734825
5877|0|153|153.0|2024-05-27 12:24:43.883216
5878|0|54|54.0|2024-05-27 12:24:47.121414
5879|1|187|187.0|2024-05-27 12:24:51.539824
5880|0|135|135.0|2024-05-27 12:24:54.969455
5881|1|169|169.0|2024-05-27 12:25:01.819789
5882|0|156|156.0|2024-05-27 12:25:04.632632
5883|1|153|153.0|2024-05-27 12:25:11.027718
5884|0|128|128.0|2024-05-27 12:25:12.502557
5885|1|145|145.0|2024-05-27 12:25:20.258641
5886|0|174|174.0|2024-05-27 12:34:20.414076
5887|1|161|161.0|2024-05-27 12:34:27.486339
5888|0|137|137.0|2024-05-27 12:34:29.127513
5889|1|184|184.0|2024-05-27 12:34:38.647828
5890|0|180|180.0|2024-05-27 12:34:39.914547
5891|1|149|149.0|2024-05-27 12:34:47.401837
5892|0|186|186.0|2024-05-27 12:34:50.723917
5893|1|184|184.0|2024-05-27 12:34:57.911761
5894|0|139|139.0|2024-05-27 12:34:58.679460
5895|0|149|149.0|2024-05-27 12:35:07.805561
5896|1|200|200.0|2024-05-27 12:35:10.038366
5897|0|146|146.0|2024-05-27 12:35:16.364306
5898|1|166|166.0|2024-05-27 12:45:35.777233
5899|0|172|172.0|2024-05-27 12:45:42.469455
5900|1|183|183.0|2024-05-27 12:45:47.272060
5901|0|153|153.0|2024-05-27 12:45:52.753167
5902|1|134|134.0|2024-05-27 12:45:55.811724
5903|0|136|136.0|2024-05-27 12:46:01.203421
5904|1|141|141.0|2024-05-27 12:46:04.531065
5905|0|159|159.0|2024-05-27 12:46:11.114692
5906|1|164|164.0|2024-05-27 12:46:14.537037
5907|0|176|176.0|2024-05-27 12:46:21.527555
5908|1|153|153.0|2024-05-27 12:46:23.717151
5909|0|147|147.0|2024-05-27 12:46:30.465049
5910|1|185|185.0|2024-05-27 12:46:34.805505
5911|0|127|127.0|2024-05-27 12:56:52.752243
5912|1|158|158.0|2024-05-27 12:56:58.918167
5913|0|184|184.0|2024-05-27 12:57:03.722007
5914|1|144|144.0|2024-05-27 12:57:07.831761
5915|0|200|200.0|2024-05-27 12:57:16.263832
5916|1|189|189.0|2024-05-27 12:57:19.566756
5917|0|200|200.0|2024-05-27 12:57:28.519307
5918|1|200|200.0|2024-05-27 12:57:32.066350
5919|0|200|200.0|2024-05-27 12:57:41.391110
5920|1|170|170.0|2024-05-27 12:57:42.941624
5921|0|59|59.0|2024-05-27 12:57:45.147351
5922|1|164|164.0|2024-05-27 13:07:58.675225
5923|0|200|200.0|2024-05-27 13:08:03.190462
5924|1|155|155.0|2024-05-27 13:08:08.473632
5925|0|197|197.0|2024-05-27 13:08:15.244515
5926|1|189|189.0|2024-05-27 13:08:19.938443
5927|0|200|200.0|2024-05-27 13:08:27.823127
5928|1|200|200.0|2024-05-27 13:08:32.390391
5929|0|200|200.0|2024-05-27 13:08:39.579004
5930|1|177|177.0|2024-05-27 13:08:42.668426
5931|0|200|200.0|2024-05-27 13:08:51.097419
5932|1|200|200.0|2024-05-27 13:08:54.507028
5933|0|200|200.0|2024-05-27 13:17:51.315986
5934|1|200|200.0|2024-05-27 13:17:54.536894
5935|0|200|200.0|2024-05-27 13:18:03.043150
5936|1|200|200.0|2024-05-27 13:18:05.940724
5937|0|200|200.0|2024-05-27 13:18:14.353185
5938|1|200|200.0|2024-05-27 13:18:17.363054
5939|0|200|200.0|2024-05-27 13:18:25.837629
5940|1|200|200.0|2024-05-27 13:18:28.939578
5941|0|170|170.0|2024-05-27 13:18:36.010301
5942|1|200|200.0|2024-05-27 13:18:41.203858
5943|0|200|200.0|2024-05-27 13:28:13.893827
5944|1|200|200.0|2024-05-27 13:28:18.650528
5945|0|200|200.0|2024-05-27 13:28:25.518929
5946|1|200|200.0|2024-05-27 13:28:30.476951
5947|0|157|157.0|2024-05-27 13:28:34.897543
5948|1|200|200.0|2024-05-27 13:28:42.523563
5949|0|164|164.0|2024-05-27 13:28:44.881484
5950|1|200|200.0|2024-05-27 13:28:54.510248
5951|0|200|200.0|2024-05-27 13:28:56.755171
5952|1|200|200.0|2024-05-27 13:29:06.288790
5953|0|200|200.0|2024-05-27 13:37:56.432236
5954|1|200|200.0|2024-05-27 13:38:06.194508
5955|0|200|200.0|2024-05-27 13:38:08.619269
5956|1|200|200.0|2024-05-27 13:38:18.502978
5957|0|200|200.0|2024-05-27 13:38:20.590916
5958|1|200|200.0|2024-05-27 13:38:31.025318
5959|0|200|200.0|2024-05-27 13:38:33.447578
5960|1|200|200.0|2024-05-27 13:38:43.844785
5961|0|200|200.0|2024-05-27 13:38:46.180865
5962|1|200|200.0|2024-05-27 13:38:56.060249
5963|0|200|200.0|2024-05-27 13:47:49.984886
5964|1|200|200.0|2024-05-27 13:47:59.746900
5965|0|171|171.0|2024-05-27 13:48:00.276294
5966|1|195|195.0|2024-05-27 13:48:11.958784
5967|0|200|200.0|2024-05-27 13:48:12.886986
5968|1|200|200.0|2024-05-27 13:48:24.552026
5969|0|200|200.0|2024-05-27 13:48:25.489602
5970|1|180|180.0|2024-05-27 13:48:35.809401
5971|0|200|200.0|2024-05-27 13:48:37.885259
5972|1|200|200.0|2024-05-27 13:48:48.212059
5973|0|200|200.0|2024-05-27 13:48:50.233256
5974|1|74|74.0|2024-05-27 13:58:24.435518
5975|0|200|200.0|2024-05-27 13:58:34.903426
5976|1|171|171.0|2024-05-27 13:58:35.577466
5977|0|200|200.0|2024-05-27 13:58:47.633813
5978|1|200|200.0|2024-05-27 13:58:48.326341
5979|0|200|200.0|2024-05-27 13:58:59.927324
5980|1|200|200.0|2024-05-27 13:59:00.550122
5981|0|166|166.0|2024-05-27 13:59:10.442716
5982|1|200|200.0|2024-05-27 13:59:13.133639
5983|0|200|200.0|2024-05-27 13:59:22.418587
5984|1|200|200.0|2024-05-27 14:09:01.086020
5985|0|168|168.0|2024-05-27 14:09:08.928207
5986|1|196|196.0|2024-05-27 14:09:13.497715
5987|0|200|200.0|2024-05-27 14:09:21.108243
5988|1|196|196.0|2024-05-27 14:09:25.292959
5989|0|200|200.0|2024-05-27 14:09:33.377015
5990|1|200|200.0|2024-05-27 14:09:37.866529
5991|0|200|200.0|2024-05-27 14:09:45.931993
5992|1|200|200.0|2024-05-27 14:09:50.117022
5993|0|200|200.0|2024-05-27 14:09:57.566552
5994|1|200|200.0|2024-05-27 14:18:54.519358
5995|0|200|200.0|2024-05-27 14:19:01.961504
5996|1|200|200.0|2024-05-27 14:19:05.870728
5997|0|200|200.0|2024-05-27 14:19:13.977782
5998|1|200|200.0|2024-05-27 14:19:18.211939
5999|0|200|200.0|2024-05-27 14:19:26.195660
6000|1|200|200.0|2024-05-27 14:19:30.620424
6001|0|200|200.0|2024-05-27 14:19:39.011805
6002|1|200|200.0|2024-05-27 14:19:43.452861
6003|0|200|200.0|2024-05-27 14:19:51.068487
6004|1|200|200.0|2024-05-27 14:29:06.725488
6005|0|200|200.0|2024-05-27 14:29:15.080271
6006|1|200|200.0|2024-05-27 14:29:19.492105
6007|0|200|200.0|2024-05-27 14:29:27.532458
6008|1|200|200.0|2024-05-27 14:29:31.802170
6009|0|200|200.0|2024-05-27 14:29:39.704764
6010|1|200|200.0|2024-05-27 14:29:43.635601
6011|0|200|200.0|2024-05-27 14:29:51.355034
6012|1|200|200.0|2024-05-27 14:29:55.580465
6013|0|200|200.0|2024-05-27 14:30:03.552667
6014|1|155|155.0|2024-05-27 14:30:05.053580
6015|0|200|200.0|2024-05-27 14:39:27.778168
6016|1|200|200.0|2024-05-27 14:39:29.199194
6017|0|200|200.0|2024-05-27 14:39:40.072551
6018|1|200|200.0|2024-05-27 14:39:41.495326
6019|0|200|200.0|2024-05-27 14:39:52.226372
6020|1|200|200.0|2024-05-27 14:39:53.572217
6021|0|200|200.0|2024-05-27 14:40:04.010106
6022|1|200|200.0|2024-05-27 14:40:05.448680
6023|0|200|200.0|2024-05-27 14:40:16.275674
6024|1|200|200.0|2024-05-27 14:40:17.621582
6025|0|200|200.0|2024-05-27 14:50:11.967758
6026|1|200|200.0|2024-05-27 14:50:13.570870
6027|0|200|200.0|2024-05-27 14:50:24.260061
6028|1|200|200.0|2024-05-27 14:50:25.825713
6029|0|200|200.0|2024-05-27 14:50:37.202478
6030|1|200|200.0|2024-05-27 14:50:38.664016
6031|0|200|200.0|2024-05-27 14:50:49.450200
6032|1|200|200.0|2024-05-27 14:50:50.709423
6033|1|69|69.0|2024-05-27 14:50:54.972093
6034|0|200|200.0|2024-05-27 14:51:01.767973
6035|1|200|200.0|2024-05-27 14:59:55.627166
6036|0|200|200.0|2024-05-27 15:00:02.581102
6037|1|200|200.0|2024-05-27 15:00:08.614940
6038|0|200|200.0|2024-05-27 15:00:15.584475
6039|1|200|200.0|2024-05-27 15:00:21.516106
6040|0|200|200.0|2024-05-27 15:00:28.095777
6041|1|200|200.0|2024-05-27 15:00:33.696901
6042|0|200|200.0|2024-05-27 15:00:40.631008
6043|1|200|200.0|2024-05-27 15:00:46.671269
6044|0|200|200.0|2024-05-27 15:00:53.723588
6045|1|200|200.0|2024-05-27 15:09:49.936790
6046|0|200|200.0|2024-05-27 15:09:56.377502
6047|1|200|200.0|2024-05-27 15:10:02.002531
6048|0|200|200.0|2024-05-27 15:10:08.574951
6049|1|200|200.0|2024-05-27 15:10:14.525527
6050|0|200|200.0|2024-05-27 15:10:20.967896
6051|1|200|200.0|2024-05-27 15:10:26.207972
6052|0|200|200.0|2024-05-27 15:10:32.251984
6053|1|200|200.0|2024-05-27 15:10:37.982751
6054|0|200|200.0|2024-05-27 15:10:44.219998
6055|1|200|200.0|2024-05-27 15:20:15.971645
6056|0|200|200.0|2024-05-27 15:20:22.601713
6057|1|200|200.0|2024-05-27 15:20:28.132222
6058|0|200|200.0|2024-05-27 15:20:34.792745
6059|1|200|200.0|2024-05-27 15:20:40.410423
6060|0|200|200.0|2024-05-27 15:20:46.289622
6061|1|200|200.0|2024-05-27 15:20:51.471537
6062|0|200|200.0|2024-05-27 15:20:57.563078
6063|1|200|200.0|2024-05-27 15:21:03.022375
6064|0|200|200.0|2024-05-27 15:32:34.752032
6065|1|200|200.0|2024-05-27 15:32:40.620658
6066|0|200|200.0|2024-05-27 15:32:47.458120
6067|1|200|200.0|2024-05-27 15:32:53.240876
6068|0|200|200.0|2024-05-27 15:32:59.349304
6069|1|200|200.0|2024-05-27 15:33:04.781892
6070|0|200|200.0|2024-05-27 15:33:11.252535
6071|1|200|200.0|2024-05-27 15:33:17.185494
6072|0|200|200.0|2024-05-27 15:33:23.717713
6073|1|200|200.0|2024-05-27 15:33:29.443841
6074|0|200|200.0|2024-05-27 15:42:26.028867
6075|1|200|200.0|2024-05-27 15:42:32.248771
6076|0|200|200.0|2024-05-27 15:42:38.612128
6077|1|200|200.0|2024-05-27 15:42:44.561933
6078|0|165|165.0|2024-05-27 15:42:48.667572
6079|1|155|155.0|2024-05-27 15:42:54.156186
6080|0|200|200.0|2024-05-27 15:43:01.127747
6081|1|200|200.0|2024-05-27 15:43:06.067376
6082|0|200|200.0|2024-05-27 15:43:13.341659
6083|1|200|200.0|2024-05-27 15:43:18.729322
6084|0|200|200.0|2024-05-27 15:43:25.774354
6085|1|200|200.0|2024-05-27 15:53:09.966960
6086|0|200|200.0|2024-05-27 15:53:16.828559
6087|1|200|200.0|2024-05-27 15:53:21.797231
6088|0|200|200.0|2024-05-27 15:53:28.648658
6089|1|200|200.0|2024-05-27 15:53:33.844376
6090|0|200|200.0|2024-05-27 15:53:41.047414
6091|1|200|200.0|2024-05-27 15:53:45.997152
6092|0|200|200.0|2024-05-27 15:53:53.641732
6093|1|200|200.0|2024-05-27 15:53:58.588717
6094|0|200|200.0|2024-05-27 15:54:05.744255
6095|1|200|200.0|2024-05-27 16:03:36.738696
6096|0|200|200.0|2024-05-27 16:03:43.730167
6097|1|200|200.0|2024-05-27 16:03:48.698601
6098|0|179|179.0|2024-05-27 16:03:54.673391
6099|1|159|159.0|2024-05-27 16:03:58.541082
6100|0|200|200.0|2024-05-27 16:04:07.535002
6101|1|200|200.0|2024-05-27 16:04:11.323979
6102|0|200|200.0|2024-05-27 16:04:19.529436
6103|1|200|200.0|2024-05-27 16:04:23.253119
6104|0|200|200.0|2024-05-27 16:04:31.636895
6105|1|200|200.0|2024-05-27 16:14:28.020822
6106|0|200|200.0|2024-05-27 16:14:36.111220
6107|1|200|200.0|2024-05-27 16:14:39.902778
6108|0|200|200.0|2024-05-27 16:14:47.764581
6109|1|186|186.0|2024-05-27 16:14:50.599709
6110|0|200|200.0|2024-05-27 16:14:59.722649
6111|1|200|200.0|2024-05-27 16:15:02.751831
6112|0|200|200.0|2024-05-27 16:15:12.226078
6113|1|200|200.0|2024-05-27 16:15:15.250642
6114|0|200|200.0|2024-05-27 16:15:24.469294
6115|1|200|200.0|2024-05-27 16:24:40.920551
6116|0|200|200.0|2024-05-27 16:24:50.188350
6117|1|200|200.0|2024-05-27 16:24:53.030463
6118|0|200|200.0|2024-05-27 16:25:02.407104
6119|1|200|200.0|2024-05-27 16:25:05.471380
6120|0|191|191.0|2024-05-27 16:25:14.224122
6121|1|200|200.0|2024-05-27 16:25:17.682790
6122|1|116|116.0|2024-05-27 16:25:24.558895
6123|0|200|200.0|2024-05-27 16:25:26.223423
6124|1|200|200.0|2024-05-27 16:25:36.797591
6125|0|200|200.0|2024-05-27 16:25:38.559327
6126|1|79|79.0|2024-05-27 16:35:09.831027
6127|0|200|200.0|2024-05-27 16:35:19.107023
6128|1|200|200.0|2024-05-27 16:35:22.242606
6129|0|200|200.0|2024-05-27 16:35:31.464696
6130|1|200|200.0|2024-05-27 16:35:34.780133
6131|0|167|167.0|2024-05-27 16:35:41.732933
6132|1|200|200.0|2024-05-27 16:35:46.917026
6133|0|170|170.0|2024-05-27 16:35:51.601545
6134|1|197|197.0|2024-05-27 16:35:58.355717
6135|0|200|200.0|2024-05-27 16:36:03.627554
6136|1|200|200.0|2024-05-27 16:46:48.304824
6137|0|200|200.0|2024-05-27 16:46:53.183480
6138|1|200|200.0|2024-05-27 16:46:59.321746
6139|0|200|200.0|2024-05-27 16:47:04.360180
6140|1|200|200.0|2024-05-27 16:47:10.916944
6141|0|200|200.0|2024-05-27 16:47:15.999500
6142|1|200|200.0|2024-05-27 16:47:22.800150
6143|0|200|200.0|2024-05-27 16:47:27.769052
6144|1|200|200.0|2024-05-27 16:47:34.331941
6145|0|200|200.0|2024-05-27 16:47:39.430088
6146|1|200|200.0|2024-05-27 16:57:45.266487
6147|0|200|200.0|2024-05-27 16:57:50.400649
6148|1|200|200.0|2024-05-27 16:57:56.991195
6149|0|200|200.0|2024-05-27 16:58:02.049282
6150|1|200|200.0|2024-05-27 16:58:09.637108
6151|0|200|200.0|2024-05-27 16:58:15.073189
6152|1|200|200.0|2024-05-27 16:58:21.974851
6153|0|200|200.0|2024-05-27 16:58:27.299318
6154|1|200|200.0|2024-05-27 16:58:34.171592
6155|0|200|200.0|2024-05-27 16:58:39.301220
6156|1|200|200.0|2024-05-27 17:07:51.891569
6157|0|200|200.0|2024-05-27 17:07:57.369430
6158|1|200|200.0|2024-05-27 17:08:04.459575
6159|0|200|200.0|2024-05-27 17:08:09.804477
6160|1|200|200.0|2024-05-27 17:08:16.940685
6161|0|200|200.0|2024-05-27 17:08:22.432990
6162|1|200|200.0|2024-05-27 17:08:29.550165
6163|0|200|200.0|2024-05-27 17:08:35.344819
6164|1|200|200.0|2024-05-27 17:08:42.052251
6165|0|200|200.0|2024-05-27 17:08:47.129985
6166|1|200|200.0|2024-05-27 17:17:42.673478
6167|0|200|200.0|2024-05-27 17:17:47.870048
6168|1|200|200.0|2024-05-27 17:17:54.382382
6169|0|200|200.0|2024-05-27 17:17:59.434919
6170|1|200|200.0|2024-05-27 17:18:06.246942
6171|0|200|200.0|2024-05-27 17:18:11.721358
6172|1|200|200.0|2024-05-27 17:18:18.196107
6173|0|200|200.0|2024-05-27 17:18:23.030575
6174|1|200|200.0|2024-05-27 17:18:29.567081
6175|0|126|126.0|2024-05-27 17:18:30.422936
6176|1|200|200.0|2024-05-27 17:27:30.012892
6177|0|200|200.0|2024-05-27 17:27:30.765323
6178|1|200|200.0|2024-05-27 17:27:41.667150
6179|0|200|200.0|2024-05-27 17:27:42.322719
6180|1|200|200.0|2024-05-27 17:27:54.009718
6181|0|200|200.0|2024-05-27 17:27:54.788926
6182|1|125|125.0|2024-05-27 17:28:01.912296
6183|0|200|200.0|2024-05-27 17:28:07.452439
6184|1|200|200.0|2024-05-27 17:28:14.262674
6185|0|200|200.0|2024-05-27 17:28:19.688462
6186|1|200|200.0|2024-05-27 17:37:19.089461
6187|0|200|200.0|2024-05-27 17:37:24.609057
6188|1|200|200.0|2024-05-27 17:37:31.550019
6189|0|200|200.0|2024-05-27 17:37:36.849323
6190|1|200|200.0|2024-05-27 17:37:43.850459
6191|0|200|200.0|2024-05-27 17:37:49.306544
6192|1|200|200.0|2024-05-27 17:37:56.363521
6193|0|200|200.0|2024-05-27 17:38:01.654513
6194|1|200|200.0|2024-05-27 17:38:08.584945
6195|0|200|200.0|2024-05-27 17:38:14.190678
6196|1|200|200.0|2024-05-27 17:47:12.543164
6197|0|200|200.0|2024-05-27 17:47:18.042809
6198|1|200|200.0|2024-05-27 17:47:24.946997
6199|0|200|200.0|2024-05-27 17:47:30.871396
6200|1|200|200.0|2024-05-27 17:47:38.140395
6201|0|200|200.0|2024-05-27 17:47:43.625808
6202|1|200|200.0|2024-05-27 17:47:50.650823
6203|0|200|200.0|2024-05-27 17:47:56.189920
6204|1|200|200.0|2024-05-27 17:48:03.496765
6205|0|200|200.0|2024-05-27 17:48:09.190833
6206|1|188|188.0|2024-05-27 17:57:05.720890
6207|0|200|200.0|2024-05-27 17:57:11.623041
6208|1|200|200.0|2024-05-27 17:57:17.871096
6209|0|200|200.0|2024-05-27 17:57:24.083370
6210|1|200|200.0|2024-05-27 17:57:30.087604
6211|0|200|200.0|2024-05-27 17:57:36.062519
6212|1|200|200.0|2024-05-27 17:57:41.952773
6213|0|200|200.0|2024-05-27 17:57:48.063636
6214|1|200|200.0|2024-05-27 17:57:54.283313
6215|0|200|200.0|2024-05-27 17:58:00.200603
6216|1|200|200.0|2024-05-27 18:06:53.083948
6217|0|200|200.0|2024-05-27 18:06:59.099676
6218|1|200|200.0|2024-05-27 18:07:05.114688
6219|0|200|200.0|2024-05-27 18:07:11.307663
6220|1|200|200.0|2024-05-27 18:07:17.333504
6221|0|190|190.0|2024-05-27 18:07:22.943582
6222|1|200|200.0|2024-05-27 18:07:29.309469
6223|0|200|200.0|2024-05-27 18:07:34.607205
6224|1|200|200.0|2024-05-27 18:07:41.476595
6225|0|200|200.0|2024-05-27 18:07:46.943874
6226|1|200|200.0|2024-05-27 18:16:41.575945
6227|0|200|200.0|2024-05-27 18:16:46.641235
6228|1|200|200.0|2024-05-27 18:16:52.669472
6229|0|200|200.0|2024-05-27 18:16:57.845336
6230|1|200|200.0|2024-05-27 18:17:04.279451
6231|0|200|200.0|2024-05-27 18:17:09.573208
6232|1|200|200.0|2024-05-27 18:17:16.327587
6233|0|200|200.0|2024-05-27 18:17:21.696525
6234|1|200|200.0|2024-05-27 18:17:28.405402
6235|0|200|200.0|2024-05-27 18:17:33.912923
6236|1|200|200.0|2024-05-27 18:26:34.003490
6237|0|200|200.0|2024-05-27 18:26:39.260326
6238|1|200|200.0|2024-05-27 18:26:46.065114
6239|0|200|200.0|2024-05-27 18:26:51.738397
6240|1|200|200.0|2024-05-27 18:26:58.460328
6241|0|200|200.0|2024-05-27 18:27:03.791450
6242|1|200|200.0|2024-05-27 18:27:10.538338
6243|0|200|200.0|2024-05-27 18:27:16.120367
6244|1|200|200.0|2024-05-27 18:27:22.961847
6245|0|200|200.0|2024-05-27 18:27:28.771241
6246|1|200|200.0|2024-05-27 18:36:24.988411
6247|0|200|200.0|2024-05-27 18:36:30.095056
6248|1|200|200.0|2024-05-27 18:36:36.672941
6249|0|200|200.0|2024-05-27 18:36:42.032068
6250|1|200|200.0|2024-05-27 18:36:48.912258
6251|0|200|200.0|2024-05-27 18:36:54.271823
6252|1|200|200.0|2024-05-27 18:37:00.906189
6253|0|200|200.0|2024-05-27 18:37:06.063019
6254|1|200|200.0|2024-05-27 18:37:12.382042
6255|0|200|200.0|2024-05-27 18:37:17.678010
6256|1|200|200.0|2024-05-27 18:46:12.679017
6257|0|200|200.0|2024-05-27 18:46:18.188373
6258|1|200|200.0|2024-05-27 18:46:24.860242
6259|0|200|200.0|2024-05-27 18:46:30.372821
6260|1|174|174.0|2024-05-27 18:46:35.599230
6261|0|200|200.0|2024-05-27 18:46:42.732799
6262|1|200|200.0|2024-05-27 18:46:47.333345
6263|0|145|145.0|2024-05-27 18:46:50.874695
6264|1|200|200.0|2024-05-27 18:46:59.617954
6265|0|200|200.0|2024-05-27 18:47:03.297017
6266|1|200|200.0|2024-05-27 18:58:01.498188
6267|0|200|200.0|2024-05-27 18:58:04.992791
6268|1|165|165.0|2024-05-27 18:58:11.286339
6269|0|200|200.0|2024-05-27 18:58:17.122669
6270|1|200|200.0|2024-05-27 18:58:23.203121
6271|0|200|200.0|2024-05-27 18:58:28.992920
6272|1|200|200.0|2024-05-27 18:58:35.220469
6273|0|110|110.0|2024-05-27 18:58:35.636703
6274|0|117|117.0|2024-05-27 18:58:42.768048
6275|1|200|200.0|2024-05-27 18:58:47.789519
6276|0|200|200.0|2024-05-27 18:58:55.424856
6277|1|200|200.0|2024-05-27 19:08:35.657382
6278|0|200|200.0|2024-05-27 19:08:43.141684
6279|1|200|200.0|2024-05-27 19:08:47.460307
6280|0|200|200.0|2024-05-27 19:08:54.543898
6281|1|200|200.0|2024-05-27 19:08:59.073066
6282|0|200|200.0|2024-05-27 19:09:06.735053
6283|1|200|200.0|2024-05-27 19:09:11.412643
6284|0|189|189.0|2024-05-27 19:09:17.864481
6285|1|200|200.0|2024-05-27 19:09:23.188098
6286|0|200|200.0|2024-05-27 19:09:30.507353
6287|1|200|200.0|2024-05-27 19:18:52.688216
6288|0|200|200.0|2024-05-27 19:18:59.443766
6289|1|200|200.0|2024-05-27 19:19:04.545157
6290|1|43|43.0|2024-05-27 19:19:07.073522
6291|0|200|200.0|2024-05-27 19:19:11.313103
6292|1|135|135.0|2024-05-27 19:19:15.426274
6293|0|200|200.0|2024-05-27 19:19:23.410440
6294|1|181|181.0|2024-05-27 19:19:26.081031
6295|0|200|200.0|2024-05-27 19:19:34.832992
6296|1|200|200.0|2024-05-27 19:19:37.714259
6297|1|109|109.0|2024-05-27 19:19:44.303974
6298|0|200|200.0|2024-05-27 19:19:46.934199
6299|1|178|178.0|2024-05-27 19:29:07.851832
6300|0|200|200.0|2024-05-27 19:29:11.983792
6301|1|200|200.0|2024-05-27 19:29:20.099824
6302|0|170|170.0|2024-05-27 19:29:22.180348
6303|1|164|164.0|2024-05-27 19:29:29.620121
6304|0|200|200.0|2024-05-27 19:29:34.076981
6305|1|200|200.0|2024-05-27 19:29:41.808594
6306|0|200|200.0|2024-05-27 19:29:46.118551
6307|1|142|142.0|2024-05-27 19:29:50.018731
6308|0|200|200.0|2024-05-27 19:29:57.002433
6309|1|153|153.0|2024-05-27 19:29:58.427210
6310|0|200|200.0|2024-05-27 19:40:58.712649
6311|1|190|190.0|2024-05-27 19:40:59.540402
6312|0|200|200.0|2024-05-27 19:41:11.137339
6313|1|200|200.0|2024-05-27 19:41:11.884548
6314|1|109|109.0|2024-05-27 19:41:18.163473
6315|0|200|200.0|2024-05-27 19:41:22.743684
6316|1|200|200.0|2024-05-27 19:41:30.325296
6317|0|200|200.0|2024-05-27 19:41:35.164814
6318|1|200|200.0|2024-05-27 19:41:42.459757
6319|0|200|200.0|2024-05-27 19:41:47.244735
6320|1|200|200.0|2024-05-27 19:50:46.982310
6321|0|200|200.0|2024-05-27 19:50:51.510368
6322|1|200|200.0|2024-05-27 19:50:58.204773
6323|0|200|200.0|2024-05-27 19:51:02.539156
6324|1|200|200.0|2024-05-27 19:51:09.721991
6325|0|200|200.0|2024-05-27 19:51:14.319243
6326|1|200|200.0|2024-05-27 19:51:21.336303
6327|0|200|200.0|2024-05-27 19:51:25.850984
6328|1|200|200.0|2024-05-27 19:51:33.182782
6329|0|200|200.0|2024-05-27 19:51:37.619030
6330|0|32|32.0|2024-05-27 19:51:39.565250
6331|1|200|200.0|2024-05-27 20:01:55.421201
6332|0|200|200.0|2024-05-27 20:02:02.079048
6333|1|200|200.0|2024-05-27 20:02:07.465253
6334|0|200|200.0|2024-05-27 20:02:14.392097
6335|0|39|39.0|2024-05-27 20:02:16.673202
6336|1|200|200.0|2024-05-27 20:02:19.894581
6337|0|200|200.0|2024-05-27 20:02:29.070517
6338|1|200|200.0|2024-05-27 20:02:32.124868
6339|0|200|200.0|2024-05-27 20:02:41.375837
6340|1|200|200.0|2024-05-27 20:02:44.603665
6341|0|200|200.0|2024-05-27 20:12:26.098301
6342|1|200|200.0|2024-05-27 20:12:29.303377
6343|0|200|200.0|2024-05-27 20:12:38.810630
6344|1|200|200.0|2024-05-27 20:12:41.984674
6345|0|200|200.0|2024-05-27 20:12:50.931090
6346|1|200|200.0|2024-05-27 20:12:54.023614
6347|0|200|200.0|2024-05-27 20:13:03.353839
6348|1|200|200.0|2024-05-27 20:13:06.693019
6349|0|200|200.0|2024-05-27 20:13:16.113461
6350|1|200|200.0|2024-05-27 20:13:19.469615
6351|0|200|200.0|2024-05-27 20:22:44.219711
6352|1|166|166.0|2024-05-27 20:22:45.351120
6353|0|200|200.0|2024-05-27 20:22:56.152520
6354|1|200|200.0|2024-05-27 20:22:57.238009
6355|0|200|200.0|2024-05-27 20:23:08.139570
6356|1|200|200.0|2024-05-27 20:23:09.133080
6357|0|200|200.0|2024-05-27 20:23:19.891292
6358|1|200|200.0|2024-05-27 20:23:20.870628
6359|1|93|93.0|2024-05-27 20:23:26.544920
6360|0|200|200.0|2024-05-27 20:23:31.702102
6361|1|200|200.0|2024-05-27 20:23:37.903943
6362|0|200|200.0|2024-05-27 20:32:50.609917
6363|1|200|200.0|2024-05-27 20:32:57.540920
6364|0|200|200.0|2024-05-27 20:33:03.192409
6365|1|200|200.0|2024-05-27 20:33:09.857093
6366|0|200|200.0|2024-05-27 20:33:15.228716
6367|1|200|200.0|2024-05-27 20:33:22.080130
6368|0|200|200.0|2024-05-27 20:33:27.437364
6369|1|200|200.0|2024-05-27 20:33:34.596463
6370|0|200|200.0|2024-05-27 20:33:40.300877
6371|1|200|200.0|2024-05-27 20:33:46.800788
6372|0|200|200.0|2024-05-27 20:42:45.505726
6373|1|200|200.0|2024-05-27 20:42:52.285622
6374|0|200|200.0|2024-05-27 20:42:57.457785
6375|1|200|200.0|2024-05-27 20:43:04.260504
6376|0|200|200.0|2024-05-27 20:43:09.545684
6377|1|200|200.0|2024-05-27 20:43:15.920260
6378|0|200|200.0|2024-05-27 20:43:21.531983
6379|1|200|200.0|2024-05-27 20:43:27.887030
6380|0|200|200.0|2024-05-27 20:43:33.358700
6381|1|200|200.0|2024-05-27 20:43:39.633310
6382|0|200|200.0|2024-05-27 20:53:07.482200
6383|1|200|200.0|2024-05-27 20:53:13.791192
6384|0|200|200.0|2024-05-27 20:53:18.986754
6385|1|200|200.0|2024-05-27 20:53:25.430550
6386|0|200|200.0|2024-05-27 20:53:30.723051
6387|1|200|200.0|2024-05-27 20:53:36.864573
6388|0|200|200.0|2024-05-27 20:53:41.881317
6389|1|200|200.0|2024-05-27 20:53:48.457934
6390|0|200|200.0|2024-05-27 20:53:53.701265
6391|1|200|200.0|2024-05-27 20:54:00.012017
6392|0|200|200.0|2024-05-27 21:02:56.274331
6393|1|200|200.0|2024-05-27 21:03:02.330978
6394|1|37|37.0|2024-05-27 21:03:04.563468
6395|0|200|200.0|2024-05-27 21:03:07.817545
6396|1|200|200.0|2024-05-27 21:03:16.558212
6397|0|200|200.0|2024-05-27 21:03:19.711590
6398|1|200|200.0|2024-05-27 21:03:28.557373
6399|0|200|200.0|2024-05-27 21:03:31.725610
6400|1|200|200.0|2024-05-27 21:03:40.799502
6401|0|200|200.0|2024-05-27 21:03:44.208273
6402|1|200|200.0|2024-05-27 21:13:16.511078
6403|0|200|200.0|2024-05-27 21:13:19.917052
6404|1|200|200.0|2024-05-27 21:13:28.757311
6405|0|200|200.0|2024-05-27 21:13:32.201916
6406|1|200|200.0|2024-05-27 21:13:41.276598
6407|0|200|200.0|2024-05-27 21:13:44.739013
6408|1|200|200.0|2024-05-27 21:13:53.791610
6409|0|200|200.0|2024-05-27 21:13:57.104540
6410|1|200|200.0|2024-05-27 21:14:06.476749
6411|0|200|200.0|2024-05-27 21:14:09.846591
6412|1|200|200.0|2024-05-27 21:23:30.397524
6413|0|200|200.0|2024-05-27 21:23:33.571112
6414|1|200|200.0|2024-05-27 21:23:41.582919
6415|0|200|200.0|2024-05-27 21:23:44.609119
6416|1|200|200.0|2024-05-27 21:23:53.170817
6417|0|200|200.0|2024-05-27 21:23:56.609698
6418|1|200|200.0|2024-05-27 21:24:05.642178
6419|0|200|200.0|2024-05-27 21:24:08.840022
6420|1|200|200.0|2024-05-27 21:24:18.091824
6421|0|200|200.0|2024-05-27 21:24:21.454069
6422|1|200|200.0|2024-05-27 21:33:40.606091
6423|0|200|200.0|2024-05-27 21:33:43.593671
6424|1|200|200.0|2024-05-27 21:33:52.160984
6425|0|200|200.0|2024-05-27 21:33:55.570346
6426|1|200|200.0|2024-05-27 21:34:04.483314
6427|0|200|200.0|2024-05-27 21:34:07.609481
6428|1|200|200.0|2024-05-27 21:34:16.579228
6429|0|158|158.0|2024-05-27 21:34:17.277098
6430|1|200|200.0|2024-05-27 21:34:28.757155
6431|0|200|200.0|2024-05-27 21:34:29.481118
6432|1|200|200.0|2024-05-27 21:44:27.927697
6433|0|200|200.0|2024-05-27 21:44:28.571841
6434|1|200|200.0|2024-05-27 21:44:40.443831
6435|0|200|200.0|2024-05-27 21:44:41.121637
6436|1|103|103.0|2024-05-27 21:44:47.012730
6437|0|200|200.0|2024-05-27 21:44:53.754840
6438|1|200|200.0|2024-05-27 21:44:59.196012
6439|0|200|200.0|2024-05-27 21:45:05.507836
6440|1|200|200.0|2024-05-27 21:45:11.152382
6441|0|200|200.0|2024-05-27 21:45:17.437298
6442|1|200|200.0|2024-05-27 21:45:22.790630
6443|0|200|200.0|2024-05-27 21:55:38.717011
6444|1|200|200.0|2024-05-27 21:55:44.378926
6445|0|200|200.0|2024-05-27 21:55:51.306067
6446|1|200|200.0|2024-05-27 21:55:56.923706
6447|0|200|200.0|2024-05-27 21:56:03.760823
6448|1|200|200.0|2024-05-27 21:56:09.623159
6449|0|200|200.0|2024-05-27 21:56:15.993170
6450|1|200|200.0|2024-05-27 21:56:22.078638
6451|0|200|200.0|2024-05-27 21:56:28.585710
6452|1|200|200.0|2024-05-27 21:56:34.225403
6453|0|200|200.0|2024-05-27 22:05:29.127951
6454|1|200|200.0|2024-05-27 22:05:34.791125
6455|0|200|200.0|2024-05-27 22:05:41.504142
6456|1|200|200.0|2024-05-27 22:05:46.719850
6457|0|200|200.0|2024-05-27 22:05:53.338755
6458|1|200|200.0|2024-05-27 22:05:58.960153
6459|0|200|200.0|2024-05-27 22:06:05.481242
6460|1|200|200.0|2024-05-27 22:06:10.719117
6461|0|200|200.0|2024-05-27 22:06:17.089197
6462|1|200|200.0|2024-05-27 22:06:22.562471
6463|0|200|200.0|2024-05-27 22:15:42.281142
6464|1|200|200.0|2024-05-27 22:15:47.472155
6465|0|200|200.0|2024-05-27 22:15:53.883323
6466|1|200|200.0|2024-05-27 22:15:59.447657
6467|0|200|200.0|2024-05-27 22:16:05.583857
6468|1|200|200.0|2024-05-27 22:16:10.821353
6469|0|200|200.0|2024-05-27 22:16:17.263734
6470|1|200|200.0|2024-05-27 22:16:23.044569
6471|0|200|200.0|2024-05-27 22:16:29.654334
6472|1|200|200.0|2024-05-27 22:16:35.102886
6473|0|200|200.0|2024-05-27 22:25:54.236692
6474|1|200|200.0|2024-05-27 22:25:59.743224
6475|0|126|126.0|2024-05-27 22:26:02.115462
6476|0|129|129.0|2024-05-27 22:26:10.068178
6477|1|200|200.0|2024-05-27 22:26:12.228030
6478|0|200|200.0|2024-05-27 22:26:21.980971
6479|1|200|200.0|2024-05-27 22:26:24.404392
6480|0|64|64.0|2024-05-27 22:26:26.178845
6481|1|200|200.0|2024-05-27 22:26:36.767580
6482|0|200|200.0|2024-05-27 22:26:38.435862
6483|1|200|200.0|2024-05-27 22:26:49.018340
6484|0|187|187.0|2024-05-27 22:26:49.910730
6485|0|116|116.0|2024-05-27 22:36:30.171259
6486|1|200|200.0|2024-05-27 22:36:34.386592
6487|0|200|200.0|2024-05-27 22:36:42.376370
6488|1|200|200.0|2024-05-27 22:36:46.610388
6489|0|200|200.0|2024-05-27 22:36:54.678861
6490|1|159|159.0|2024-05-27 22:36:56.515790
6491|0|200|200.0|2024-05-27 22:37:06.842414
6492|1|200|200.0|2024-05-27 22:37:08.602753
6493|0|200|200.0|2024-05-27 22:37:18.851600
6494|1|200|200.0|2024-05-27 22:37:20.823945
6495|0|200|200.0|2024-05-27 22:46:17.994551
6496|1|200|200.0|2024-05-27 22:46:19.781824
6497|0|200|200.0|2024-05-27 22:46:29.654516
6498|1|200|200.0|2024-05-27 22:46:31.218803
6499|0|200|200.0|2024-05-27 22:46:40.851114
6500|1|200|200.0|2024-05-27 22:46:42.697167
6501|0|200|200.0|2024-05-27 22:46:52.978832
6502|1|200|200.0|2024-05-27 22:46:54.723672
6503|0|200|200.0|2024-05-27 22:47:04.919458
6504|1|200|200.0|2024-05-27 22:47:06.636573
6505|0|200|200.0|2024-05-27 22:57:22.400406
6506|1|200|200.0|2024-05-27 22:57:24.082527
6507|0|62|62.0|2024-05-27 22:57:26.072158
6508|1|200|200.0|2024-05-27 22:57:35.738899
6509|0|200|200.0|2024-05-27 22:57:37.700051
6510|1|200|200.0|2024-05-27 22:57:47.452295
6511|0|200|200.0|2024-05-27 22:57:49.364360
6512|1|200|200.0|2024-05-27 22:57:59.661095
6513|0|200|200.0|2024-05-27 22:58:01.712710
6514|1|200|200.0|2024-05-27 22:58:12.005441
6515|0|200|200.0|2024-05-27 22:58:13.990311
6516|1|200|200.0|2024-05-27 23:08:24.305988
6517|0|200|200.0|2024-05-27 23:08:26.226601
6518|1|200|200.0|2024-05-27 23:08:36.457137
6519|0|200|200.0|2024-05-27 23:08:38.363414
6520|0|142|142.0|2024-05-27 23:08:46.880646
6521|1|200|200.0|2024-05-27 23:08:48.301524
6522|0|135|135.0|2024-05-27 23:08:54.736564
6523|1|200|200.0|2024-05-27 23:09:00.000806
6524|0|200|200.0|2024-05-27 23:09:06.699765
6525|0|80|80.0|2024-05-27 23:09:11.765116
6526|1|200|200.0|2024-05-27 23:09:12.301300
6527|0|200|200.0|2024-05-27 23:18:44.364924
6528|1|200|200.0|2024-05-27 23:18:44.918914
6529|0|200|200.0|2024-05-27 23:18:55.485021
6530|1|200|200.0|2024-05-27 23:18:56.053508
6531|0|200|200.0|2024-05-27 23:19:06.759208
6532|1|200|200.0|2024-05-27 23:19:07.233638
6533|0|200|200.0|2024-05-27 23:19:17.521991
6534|1|200|200.0|2024-05-27 23:19:18.017729
6535|0|200|200.0|2024-05-27 23:19:29.226837
6536|1|200|200.0|2024-05-27 23:19:29.805213
6537|0|200|200.0|2024-05-27 23:29:40.838147
6538|1|200|200.0|2024-05-27 23:29:41.438700
6539|0|200|200.0|2024-05-27 23:29:52.094795
6540|1|200|200.0|2024-05-27 23:29:52.660260
6541|0|200|200.0|2024-05-27 23:30:03.807050
6542|1|191|191.0|2024-05-27 23:30:03.876423
6543|0|200|200.0|2024-05-27 23:30:15.597099
6544|1|200|200.0|2024-05-27 23:30:15.674695
6545|0|200|200.0|2024-05-27 23:30:27.124998
6546|1|200|200.0|2024-05-27 23:30:27.182985
6547|0|200|200.0|2024-05-27 23:39:22.764671
6548|1|200|200.0|2024-05-27 23:39:22.834579
6549|0|200|200.0|2024-05-27 23:39:34.838241
6550|1|200|200.0|2024-05-27 23:39:35.046131
6551|0|200|200.0|2024-05-27 23:39:46.815320
6552|1|200|200.0|2024-05-27 23:39:46.892511
6553|0|200|200.0|2024-05-27 23:39:59.253458
6554|1|200|200.0|2024-05-27 23:39:59.306630
6555|0|200|200.0|2024-05-27 23:40:11.834366
6556|1|200|200.0|2024-05-27 23:40:11.884419
6557|0|200|200.0|2024-05-27 23:49:55.953859
6558|1|200|200.0|2024-05-27 23:49:56.018229
6559|0|200|200.0|2024-05-27 23:50:07.897686
6560|1|200|200.0|2024-05-27 23:50:07.959261
6561|0|200|200.0|2024-05-27 23:50:20.098659
6562|1|200|200.0|2024-05-27 23:50:20.185351
6563|0|200|200.0|2024-05-27 23:50:32.759387
6564|1|200|200.0|2024-05-27 23:50:32.820045
6565|0|200|200.0|2024-05-27 23:50:44.965019
6566|1|200|200.0|2024-05-27 23:50:45.051973
6567|0|200|200.0|2024-05-28 00:00:22.987644
6568|1|200|200.0|2024-05-28 00:00:23.046764
6569|0|200|200.0|2024-05-28 00:00:35.142234
6570|1|200|200.0|2024-05-28 00:00:35.181075
6571|0|200|200.0|2024-05-28 00:00:47.233822
6572|1|200|200.0|2024-05-28 00:00:47.292891
6573|0|200|200.0|2024-05-28 00:00:59.365009
6574|1|200|200.0|2024-05-28 00:00:59.413450
6575|0|200|200.0|2024-05-28 00:01:12.041275
6576|1|200|200.0|2024-05-28 00:01:12.104450
6577|0|200|200.0|2024-05-28 00:11:24.745171
6578|1|200|200.0|2024-05-28 00:11:24.793414
6579|0|200|200.0|2024-05-28 00:11:36.759804
6580|1|200|200.0|2024-05-28 00:11:36.823833
6581|0|200|200.0|2024-05-28 00:11:49.006999
6582|1|200|200.0|2024-05-28 00:11:49.061321
6583|0|200|200.0|2024-05-28 00:12:01.022938
6584|1|200|200.0|2024-05-28 00:12:01.105984
6585|1|127|127.0|2024-05-28 00:12:08.664150
6586|0|200|200.0|2024-05-28 00:12:13.157626
6587|1|200|200.0|2024-05-28 00:21:12.889609
6588|0|159|159.0|2024-05-28 00:21:14.774901
6589|1|200|200.0|2024-05-28 00:21:24.916093
6590|0|200|200.0|2024-05-28 00:21:26.797799
6591|1|200|200.0|2024-05-28 00:21:36.657178
6592|0|200|200.0|2024-05-28 00:21:38.598193
6593|1|200|200.0|2024-05-28 00:21:49.058570
6594|0|200|200.0|2024-05-28 00:21:51.045681
6595|1|200|200.0|2024-05-28 00:22:01.825041
6596|0|200|200.0|2024-05-28 00:22:03.587765
6597|1|200|200.0|2024-05-28 00:30:58.328674
6598|0|200|200.0|2024-05-28 00:31:00.177597
6599|1|200|200.0|2024-05-28 00:31:10.094756
6600|0|200|200.0|2024-05-28 00:31:12.085966
6601|1|200|200.0|2024-05-28 00:31:21.724519
6602|0|200|200.0|2024-05-28 00:31:23.417354
6603|1|183|183.0|2024-05-28 00:31:32.226823
6604|0|200|200.0|2024-05-28 00:31:35.049527
6605|1|200|200.0|2024-05-28 00:31:43.847892
6606|0|200|200.0|2024-05-28 00:31:46.612997
6607|1|200|200.0|2024-05-28 00:40:36.432939
6608|0|200|200.0|2024-05-28 00:40:39.412244
6609|1|200|200.0|2024-05-28 00:40:48.611775
6610|0|200|200.0|2024-05-28 00:40:51.361512
6611|1|136|136.0|2024-05-28 00:40:56.525834
6612|0|200|200.0|2024-05-28 00:41:03.385224
6613|1|200|200.0|2024-05-28 00:41:08.331781
6614|0|200|200.0|2024-05-28 00:41:14.777668
6615|1|200|200.0|2024-05-28 00:41:19.845536
6616|0|200|200.0|2024-05-28 00:41:26.629914
6617|1|200|200.0|2024-05-28 00:50:59.171181
6618|0|200|200.0|2024-05-28 00:51:06.375591
6619|1|200|200.0|2024-05-28 00:51:11.745701
6620|0|200|200.0|2024-05-28 00:51:18.478743
6621|1|200|200.0|2024-05-28 00:51:23.940077
6622|0|200|200.0|2024-05-28 00:51:30.816452
6623|1|200|200.0|2024-05-28 00:51:36.255096
6624|0|200|200.0|2024-05-28 00:51:43.252754
6625|1|200|200.0|2024-05-28 00:51:48.577618
6626|0|166|166.0|2024-05-28 00:51:53.044595
6627|1|200|200.0|2024-05-28 01:00:42.011949
6628|0|200|200.0|2024-05-28 01:00:47.032796
6629|1|147|147.0|2024-05-28 01:00:51.226874
6630|0|200|200.0|2024-05-28 01:00:58.748332
6631|1|200|200.0|2024-05-28 01:01:02.627823
6632|0|200|200.0|2024-05-28 01:01:10.764415
6633|1|200|200.0|2024-05-28 01:01:14.815273
6634|0|200|200.0|2024-05-28 01:01:23.157280
6635|1|156|156.0|2024-05-28 01:01:24.786398
6636|0|165|165.0|2024-05-28 01:01:33.359410
6637|1|200|200.0|2024-05-28 01:01:37.023832
6638|0|200|200.0|2024-05-28 01:10:30.418840
6639|1|200|200.0|2024-05-28 01:10:34.253576
6640|1|120|120.0|2024-05-28 01:10:42.056052
6641|0|200|200.0|2024-05-28 01:10:43.298309
6642|1|200|200.0|2024-05-28 01:10:54.508162
6643|0|200|200.0|2024-05-28 01:10:55.683990
6644|0|162|162.0|2024-05-28 01:11:06.105346
6645|1|200|200.0|2024-05-28 01:11:07.292771
6646|0|200|200.0|2024-05-28 01:11:18.805423
6647|1|200|200.0|2024-05-28 01:11:19.909542
6648|1|166|166.0|2024-05-28 01:20:53.399867
6649|0|200|200.0|2024-05-28 01:20:54.352365
6650|0|141|141.0|2024-05-28 01:21:03.458183
6651|1|200|200.0|2024-05-28 01:21:06.165252
6652|0|200|200.0|2024-05-28 01:21:16.041968
6653|1|200|200.0|2024-05-28 01:21:18.626724
6654|1|130|130.0|2024-05-28 01:21:26.669147
6655|0|200|200.0|2024-05-28 01:21:28.319104
6656|0|138|138.0|2024-05-28 01:21:37.030300
6657|1|200|200.0|2024-05-28 01:21:39.050184
6658|0|200|200.0|2024-05-28 01:21:49.056366
6659|1|200|200.0|2024-05-28 01:31:49.801262
6660|0|200|200.0|2024-05-28 01:31:59.356295
6661|1|200|200.0|2024-05-28 01:32:01.146509
6662|0|160|160.0|2024-05-28 01:32:08.729250
6663|1|152|152.0|2024-05-28 01:32:10.413690
6664|0|140|140.0|2024-05-28 01:32:16.501181
6665|1|200|200.0|2024-05-28 01:32:21.266436
6666|0|163|163.0|2024-05-28 01:32:25.485259
6667|1|200|200.0|2024-05-28 01:32:32.477521
6668|0|200|200.0|2024-05-28 01:32:36.970609
6669|1|200|200.0|2024-05-28 01:32:44.343683
6670|0|200|200.0|2024-05-28 01:42:49.188125
6671|1|128|128.0|2024-05-28 01:42:52.465743
6672|1|147|147.0|2024-05-28 01:43:01.515694
6673|0|200|200.0|2024-05-28 01:43:01.594774
6674|0|123|123.0|2024-05-28 01:43:09.293037
6675|0|48|48.0|2024-05-28 01:43:12.323775
6676|1|200|200.0|2024-05-28 01:43:14.049053
6677|0|200|200.0|2024-05-28 01:43:24.926321
6678|1|200|200.0|2024-05-28 01:43:26.566071
6679|0|115|115.0|2024-05-28 01:43:31.670051
6680|1|143|143.0|2024-05-28 01:43:35.005829
6681|0|200|200.0|2024-05-28 01:43:43.693244
6682|1|200|200.0|2024-05-28 01:54:11.358522
6683|0|126|126.0|2024-05-28 01:54:15.309661
6684|1|152|152.0|2024-05-28 01:54:20.326272
6685|0|200|200.0|2024-05-28 01:54:27.218123
6686|1|200|200.0|2024-05-28 01:54:31.902746
6687|0|200|200.0|2024-05-28 01:54:38.726312
6688|1|140|140.0|2024-05-28 01:54:40.050310
6689|0|137|137.0|2024-05-28 01:54:47.329660
6690|1|200|200.0|2024-05-28 01:54:52.848046
6691|0|200|200.0|2024-05-28 01:55:00.039084
6692|1|200|200.0|2024-05-28 01:55:05.347192
6693|0|123|123.0|2024-05-28 01:55:07.517974
6694|1|200|200.0|2024-05-28 02:04:55.339799
6695|0|200|200.0|2024-05-28 02:04:57.590429
6696|1|200|200.0|2024-05-28 02:05:07.364667
6697|0|200|200.0|2024-05-28 02:05:09.598307
6698|1|200|200.0|2024-05-28 02:05:19.235955
6699|0|200|200.0|2024-05-28 02:05:21.543910
6700|1|200|200.0|2024-05-28 02:05:31.927544
6701|0|200|200.0|2024-05-28 02:05:34.112586
6702|1|200|200.0|2024-05-28 02:05:43.675603
6703|0|200|200.0|2024-05-28 02:05:46.039505
6704|1|200|200.0|2024-05-28 02:16:41.872319
6705|0|200|200.0|2024-05-28 02:16:44.042082
6706|1|200|200.0|2024-05-28 02:16:53.207316
6707|0|200|200.0|2024-05-28 02:16:55.473981
6708|1|200|200.0|2024-05-28 02:17:04.908032
6709|0|200|200.0|2024-05-28 02:17:06.932945
6710|0|138|138.0|2024-05-28 02:17:15.008871
6711|1|200|200.0|2024-05-28 02:17:16.362676
6712|0|200|200.0|2024-05-28 02:17:27.639088
6713|1|200|200.0|2024-05-28 02:17:29.153029
6714|0|200|200.0|2024-05-28 02:26:55.574852
6715|1|200|200.0|2024-05-28 02:26:57.036743
6716|0|167|167.0|2024-05-28 02:27:06.072759
6717|1|200|200.0|2024-05-28 02:27:09.606005
6718|0|200|200.0|2024-05-28 02:27:18.345538
6719|1|200|200.0|2024-05-28 02:27:21.864257
6720|1|44|44.0|2024-05-28 02:27:24.656601
6721|0|200|200.0|2024-05-28 02:27:30.646056
6722|1|200|200.0|2024-05-28 02:27:36.815324
6723|0|200|200.0|2024-05-28 02:27:43.200091
6724|1|200|200.0|2024-05-28 02:27:49.016452
6725|0|200|200.0|2024-05-28 02:37:12.697826
6726|1|200|200.0|2024-05-28 02:37:18.554942
6727|0|200|200.0|2024-05-28 02:37:24.388993
6728|1|200|200.0|2024-05-28 02:37:30.039723
6729|0|200|200.0|2024-05-28 02:37:35.491587
6730|1|200|200.0|2024-05-28 02:37:41.265979
6731|0|200|200.0|2024-05-28 02:37:46.952455
6732|1|200|200.0|2024-05-28 02:37:53.083568
6733|0|200|200.0|2024-05-28 02:37:59.161201
6734|1|200|200.0|2024-05-28 02:38:05.354442
6735|0|200|200.0|2024-05-28 02:47:19.302440
6736|1|145|145.0|2024-05-28 02:47:22.338477
6737|0|200|200.0|2024-05-28 02:47:32.106438
6738|1|200|200.0|2024-05-28 02:47:35.013368
6739|0|179|179.0|2024-05-28 02:47:43.207344
6740|1|200|200.0|2024-05-28 02:47:47.083499
6741|0|200|200.0|2024-05-28 02:47:54.915191
6742|1|200|200.0|2024-05-28 02:47:58.926418
6743|1|65|65.0|2024-05-28 02:48:02.839959
6744|0|200|200.0|2024-05-28 02:48:06.769124
6745|1|200|200.0|2024-05-28 02:57:10.705813
6746|0|200|200.0|2024-05-28 02:57:14.647677
6747|1|200|200.0|2024-05-28 02:57:22.476790
6748|0|200|200.0|2024-05-28 02:57:26.613192
6749|1|200|200.0|2024-05-28 02:57:34.978093
6750|0|200|200.0|2024-05-28 02:57:39.230529
6751|1|171|171.0|2024-05-28 02:57:45.235533
6752|0|200|200.0|2024-05-28 02:57:50.824505
6753|1|157|157.0|2024-05-28 02:57:54.165551
6754|0|200|200.0|2024-05-28 02:58:02.160759
6755|1|158|158.0|2024-05-28 02:58:03.186025
6756|0|200|200.0|2024-05-28 03:08:23.950912
6757|1|200|200.0|2024-05-28 03:08:25.062925
6758|0|200|200.0|2024-05-28 03:08:36.008463
6759|1|200|200.0|2024-05-28 03:08:37.072779
6760|1|143|143.0|2024-05-28 03:08:45.318195
6761|0|200|200.0|2024-05-28 03:08:47.564521
6762|1|177|177.0|2024-05-28 03:08:55.799805
6763|0|200|200.0|2024-05-28 03:08:59.433325
6764|1|200|200.0|2024-05-28 03:09:07.449105
6765|0|200|200.0|2024-05-28 03:09:11.264623
6766|1|200|200.0|2024-05-28 03:19:29.570538
6767|0|200|200.0|2024-05-28 03:19:33.284214
6768|1|200|200.0|2024-05-28 03:19:41.237675
6769|0|144|144.0|2024-05-28 03:19:41.617212
6770|0|151|151.0|2024-05-28 03:19:50.510024
6771|1|200|200.0|2024-05-28 03:19:52.970210
6772|0|128|128.0|2024-05-28 03:19:58.092161
6773|1|133|133.0|2024-05-28 03:20:00.870719
6774|0|175|175.0|2024-05-28 03:20:08.448568
6775|1|200|200.0|2024-05-28 03:20:12.977661
6776|0|200|200.0|2024-05-28 03:20:20.560684
6777|1|159|159.0|2024-05-28 03:20:22.578513
6778|1|138|138.0|2024-05-28 03:29:44.119717
6779|0|200|200.0|2024-05-28 03:29:45.929998
6780|1|200|200.0|2024-05-28 03:29:55.804419
6781|0|200|200.0|2024-05-28 03:29:57.543359
6782|1|200|200.0|2024-05-28 03:30:07.452921
6783|0|200|200.0|2024-05-28 03:30:09.260026
6784|1|200|200.0|2024-05-28 03:30:19.425586
6785|0|184|184.0|2024-05-28 03:30:20.331520
6786|1|200|200.0|2024-05-28 03:30:31.481030
6787|0|200|200.0|2024-05-28 03:30:32.345156
6788|1|200|200.0|2024-05-28 03:40:14.055792
6789|0|200|200.0|2024-05-28 03:40:14.881904
6790|1|200|200.0|2024-05-28 03:40:26.735042
6791|0|200|200.0|2024-05-28 03:40:27.642249
6792|0|129|129.0|2024-05-28 03:40:35.243445
6793|1|200|200.0|2024-05-28 03:40:38.590652
6794|0|137|137.0|2024-05-28 03:40:43.703195
6795|1|200|200.0|2024-05-28 03:40:50.747321
6796|0|200|200.0|2024-05-28 03:40:55.744347
6797|0|119|119.0|2024-05-28 03:41:03.017500
6798|1|200|200.0|2024-05-28 03:41:03.056604
6799|0|200|200.0|2024-05-28 03:51:54.487905
6800|1|200|200.0|2024-05-28 03:51:54.707781
6801|0|200|200.0|2024-05-28 03:52:06.225822
6802|1|200|200.0|2024-05-28 03:52:06.286900
6803|0|200|200.0|2024-05-28 03:52:18.153059
6804|1|200|200.0|2024-05-28 03:52:18.200519
6805|1|153|153.0|2024-05-28 03:52:27.212198
6806|0|200|200.0|2024-05-28 03:52:29.892864
6807|1|200|200.0|2024-05-28 03:52:39.216717
6808|0|200|200.0|2024-05-28 03:52:41.932506
6809|1|137|137.0|2024-05-28 03:52:47.313964
6810|0|200|200.0|2024-05-28 04:02:32.235348
6811|1|119|119.0|2024-05-28 04:02:32.845859
6812|0|200|200.0|2024-05-28 04:02:44.612765
6813|1|200|200.0|2024-05-28 04:02:45.196870
6814|0|200|200.0|2024-05-28 04:02:56.619359
6815|1|200|200.0|2024-05-28 04:02:57.226516
6816|1|123|123.0|2024-05-28 04:03:04.875318
6817|0|200|200.0|2024-05-28 04:03:09.067570
6818|1|200|200.0|2024-05-28 04:03:17.534738
6819|0|200|200.0|2024-05-28 04:03:21.286797
6820|1|158|158.0|2024-05-28 04:03:26.644891
6821|0|151|151.0|2024-05-28 04:12:54.958051
6822|1|156|156.0|2024-05-28 04:13:00.869300
6823|0|200|200.0|2024-05-28 04:13:06.719177
6824|1|200|200.0|2024-05-28 04:13:12.432392
6825|0|200|200.0|2024-05-28 04:13:18.856328
6826|1|200|200.0|2024-05-28 04:13:24.139910
6827|0|200|200.0|2024-05-28 04:13:29.882057
6828|1|200|200.0|2024-05-28 04:13:35.308364
6829|0|200|200.0|2024-05-28 04:13:41.644928
6830|1|200|200.0|2024-05-28 04:13:47.414263
6831|0|200|200.0|2024-05-28 04:24:38.999911
6832|1|200|200.0|2024-05-28 04:24:44.557842
6833|0|146|146.0|2024-05-28 04:24:47.735616
6834|1|200|200.0|2024-05-28 04:24:57.074483
6835|0|156|156.0|2024-05-28 04:24:57.391033
6836|1|132|132.0|2024-05-28 04:25:05.003799
6837|0|200|200.0|2024-05-28 04:25:09.344771
6838|1|149|149.0|2024-05-28 04:25:14.083908
6839|0|200|200.0|2024-05-28 04:25:22.057084
6840|1|200|200.0|2024-05-28 04:25:26.590201
6841|0|196|196.0|2024-05-28 04:25:34.220826
6842|1|149|149.0|2024-05-28 04:25:35.898863
6843|0|152|152.0|2024-05-28 04:34:50.647982
6844|1|200|200.0|2024-05-28 04:34:55.478258
6845|0|200|200.0|2024-05-28 04:35:03.425177
6846|1|200|200.0|2024-05-28 04:35:08.328480
6847|0|157|157.0|2024-05-28 04:35:13.525442
6848|1|200|200.0|2024-05-28 04:35:20.728207
6849|0|200|200.0|2024-05-28 04:35:25.768121
6850|1|150|150.0|2024-05-28 04:35:30.236041
6851|0|200|200.0|2024-05-28 04:35:37.980444
6852|1|200|200.0|2024-05-28 04:35:42.261463
6853|0|200|200.0|2024-05-28 04:44:52.078079
6854|1|200|200.0|2024-05-28 04:44:55.874745
6855|0|200|200.0|2024-05-28 04:45:03.330672
6856|1|151|151.0|2024-05-28 04:45:04.697127
6857|0|143|143.0|2024-05-28 04:45:12.018877
6858|1|136|136.0|2024-05-28 04:45:12.821695
6859|0|200|200.0|2024-05-28 04:45:23.684441
6860|1|200|200.0|2024-05-28 04:45:24.462252
6861|0|200|200.0|2024-05-28 04:45:35.579958
6862|1|200|200.0|2024-05-28 04:45:36.474730
6863|0|135|135.0|2024-05-28 04:45:44.076440
6864|1|200|200.0|2024-05-28 04:56:01.172419
6865|0|200|200.0|2024-05-28 04:56:08.348823
6866|1|157|157.0|2024-05-28 04:56:10.485950
6867|0|200|200.0|2024-05-28 04:56:19.623967
6868|1|200|200.0|2024-05-28 04:56:21.715094
6869|1|142|142.0|2024-05-28 04:56:30.057011
6870|0|200|200.0|2024-05-28 04:56:31.451626
6871|1|200|200.0|2024-05-28 04:56:41.791550
6872|0|200|200.0|2024-05-28 04:56:43.223922
6873|1|148|148.0|2024-05-28 04:56:50.564526
6874|1|41|41.0|2024-05-28 04:56:52.818290
6875|0|200|200.0|2024-05-28 04:56:55.226515
6876|0|158|158.0|2024-05-28 05:07:12.587801
6877|1|200|200.0|2024-05-28 05:07:12.978126
6878|1|165|165.0|2024-05-28 05:07:22.972189
6879|0|183|183.0|2024-05-28 05:07:23.683260
6880|1|200|200.0|2024-05-28 05:07:34.716758
6881|0|200|200.0|2024-05-28 05:07:35.243675
6882|1|200|200.0|2024-05-28 05:07:45.631805
6883|0|200|200.0|2024-05-28 05:07:46.288979
6884|1|200|200.0|2024-05-28 05:07:57.187823
6885|0|200|200.0|2024-05-28 05:07:57.717805
6886|1|200|200.0|2024-05-28 05:18:16.928197
6887|0|200|200.0|2024-05-28 05:18:17.574453
6888|1|200|200.0|2024-05-28 05:18:29.097753
6889|0|200|200.0|2024-05-28 05:18:29.757640
6890|1|200|200.0|2024-05-28 05:18:41.415519
6891|0|200|200.0|2024-05-28 05:18:42.126046
6892|1|200|200.0|2024-05-28 05:18:53.586999
6893|0|200|200.0|2024-05-28 05:18:54.222010
6894|1|200|200.0|2024-05-28 05:19:06.071070
6895|0|200|200.0|2024-05-28 05:19:06.622784
6896|1|200|200.0|2024-05-28 05:28:25.414830
6897|0|200|200.0|2024-05-28 05:28:26.084538
6898|1|200|200.0|2024-05-28 05:28:36.860792
6899|0|200|200.0|2024-05-28 05:28:37.434440
6900|1|200|200.0|2024-05-28 05:28:48.151625
6901|0|200|200.0|2024-05-28 05:28:48.717455
6902|1|200|200.0|2024-05-28 05:28:59.054296
6903|0|200|200.0|2024-05-28 05:28:59.701130
6904|1|200|200.0|2024-05-28 05:29:10.947049
6905|0|200|200.0|2024-05-28 05:29:11.537719
6906|1|200|200.0|2024-05-28 05:38:20.867071
6907|0|200|200.0|2024-05-28 05:38:21.446691
6908|1|200|200.0|2024-05-28 05:38:33.152865
6909|0|200|200.0|2024-05-28 05:38:33.838765
6910|1|200|200.0|2024-05-28 05:38:44.772727
6911|0|200|200.0|2024-05-28 05:38:45.377611
6912|1|200|200.0|2024-05-28 05:38:56.744416
6913|0|200|200.0|2024-05-28 05:38:57.294699
6914|0|162|162.0|2024-05-28 05:39:06.931978
6915|1|200|200.0|2024-05-28 05:39:08.662703
6916|1|155|155.0|2024-05-28 05:48:09.449243
6917|0|200|200.0|2024-05-28 05:48:10.392104
6918|1|200|200.0|2024-05-28 05:48:21.305224
6919|0|200|200.0|2024-05-28 05:48:22.335230
6920|1|147|147.0|2024-05-28 05:48:29.909142
6921|0|200|200.0|2024-05-28 05:48:33.971378
6922|1|161|161.0|2024-05-28 05:48:39.614359
6923|0|157|157.0|2024-05-28 05:48:43.653515
6924|1|200|200.0|2024-05-28 05:48:51.865111
6925|0|200|200.0|2024-05-28 05:48:56.367573
6926|1|200|200.0|2024-05-28 05:58:27.477481
6927|0|138|138.0|2024-05-28 05:58:27.742180
6928|1|140|140.0|2024-05-28 05:58:36.249275
6929|0|165|165.0|2024-05-28 05:58:38.138621
6930|1|140|140.0|2024-05-28 05:58:45.101169
6931|0|143|143.0|2024-05-28 05:58:47.174879
6932|1|145|145.0|2024-05-28 05:58:54.106543
6933|0|200|200.0|2024-05-28 05:58:59.506060
6934|1|134|134.0|2024-05-28 05:59:02.612589
6935|1|142|142.0|2024-05-28 05:59:11.597725
6936|0|200|200.0|2024-05-28 05:59:12.267993
6937|1|135|135.0|2024-05-28 05:59:20.250398
6938|0|142|142.0|2024-05-28 05:59:21.207445
6939|1|200|200.0|2024-05-28 06:08:12.808713
6940|0|200|200.0|2024-05-28 06:08:13.937346
6941|1|148|148.0|2024-05-28 06:08:21.959177
6942|0|164|164.0|2024-05-28 06:08:24.003559
6943|1|141|141.0|2024-05-28 06:08:30.372264
6944|0|200|200.0|2024-05-28 06:08:35.946511
6945|1|138|138.0|2024-05-28 06:08:38.431093
6946|0|143|143.0|2024-05-28 06:08:44.098932
6947|1|125|125.0|2024-05-28 06:08:45.584094
6948|0|112|112.0|2024-05-28 06:08:50.532948
6949|1|200|200.0|2024-05-28 06:08:57.317282
6950|0|151|151.0|2024-05-28 06:08:59.585557
6951|1|109|109.0|2024-05-28 06:09:03.931993
6952|0|136|136.0|2024-05-28 06:09:07.547304
6953|1|128|128.0|2024-05-28 06:18:29.922351
6954|0|141|141.0|2024-05-28 06:18:34.646129
6955|1|128|128.0|2024-05-28 06:18:37.746685
6956|0|158|158.0|2024-05-28 06:18:44.272977
6957|1|200|200.0|2024-05-28 06:18:49.903016
6958|0|144|144.0|2024-05-28 06:18:52.702130
6959|1|200|200.0|2024-05-28 06:19:01.567950
6960|0|177|177.0|2024-05-28 06:19:03.219002
6961|0|118|118.0|2024-05-28 06:19:10.193219
6962|1|168|168.0|2024-05-28 06:19:11.493658
6963|1|133|133.0|2024-05-28 06:19:19.123229
6964|0|200|200.0|2024-05-28 06:19:21.632172
6965|1|128|128.0|2024-05-28 06:28:24.849064
6966|0|158|158.0|2024-05-28 06:28:29.215538
6967|1|127|127.0|2024-05-28 06:28:32.397359
6968|0|109|109.0|2024-05-28 06:28:35.580991
6969|1|130|130.0|2024-05-28 06:28:40.065998
6970|0|127|127.0|2024-05-28 06:28:43.311222
6971|1|129|129.0|2024-05-28 06:28:47.873966
6972|0|111|111.0|2024-05-28 06:28:49.927898
6973|1|119|119.0|2024-05-28 06:28:54.847893
6974|0|160|160.0|2024-05-28 06:28:59.072522
6975|1|120|120.0|2024-05-28 06:29:01.686225
6976|1|112|112.0|2024-05-28 06:29:07.858668
6977|0|163|163.0|2024-05-28 06:29:08.193699
6978|0|94|94.0|2024-05-28 06:29:13.620942
6979|1|130|130.0|2024-05-28 06:29:15.345742
6980|1|151|151.0|2024-05-28 06:40:25.903317
6981|0|200|200.0|2024-05-28 06:40:27.066026
6982|1|123|123.0|2024-05-28 06:40:33.321901
6983|0|200|200.0|2024-05-28 06:40:38.887562
6984|1|150|150.0|2024-05-28 06:40:42.011464
6985|1|143|143.0|2024-05-28 06:40:50.709130
6986|0|200|200.0|2024-05-28 06:40:50.971934
6987|1|129|129.0|2024-05-28 06:40:58.375707
6988|0|157|157.0|2024-05-28 06:41:00.315777
6989|1|158|158.0|2024-05-28 06:41:08.078090
6990|0|154|154.0|2024-05-28 06:41:09.792963
6991|1|129|129.0|2024-05-28 06:41:16.155527
6992|0|158|158.0|2024-05-28 06:41:19.745371
6993|1|200|200.0|2024-05-28 06:50:37.586174
6994|0|200|200.0|2024-05-28 06:50:41.011400
6995|0|129|129.0|2024-05-28 06:50:48.796081
6996|1|200|200.0|2024-05-28 06:50:49.490761
6997|1|175|175.0|2024-05-28 06:50:59.811634
6998|0|200|200.0|2024-05-28 06:51:00.386307
6999|0|119|119.0|2024-05-28 06:51:07.329215
7000|1|200|200.0|2024-05-28 06:51:11.663700
7001|0|200|200.0|2024-05-28 06:51:19.140921
7002|1|154|154.0|2024-05-28 06:51:20.428801
7003|0|147|147.0|2024-05-28 06:51:27.392045
7004|1|150|150.0|2024-05-28 06:51:29.031634
7005|0|136|136.0|2024-05-28 07:00:36.042308
7006|1|200|200.0|2024-05-28 07:00:41.671797
7007|0|144|144.0|2024-05-28 07:00:44.872521
7008|0|130|130.0|2024-05-28 07:00:52.882830
7009|1|200|200.0|2024-05-28 07:00:53.900978
7010|1|128|128.0|2024-05-28 07:01:01.593920
7011|0|200|200.0|2024-05-28 07:01:04.932151
7012|1|200|200.0|2024-05-28 07:01:13.772801
7013|0|200|200.0|2024-05-28 07:01:17.057552
7014|1|160|160.0|2024-05-28 07:01:23.510994
7015|0|165|165.0|2024-05-28 07:01:26.894188
7016|1|143|143.0|2024-05-28 07:01:32.114753
7017|0|200|200.0|2024-05-28 07:11:48.451919
7018|1|162|162.0|2024-05-28 07:11:51.193345
7019|0|110|110.0|2024-05-28 07:11:55.135264
7020|1|200|200.0|2024-05-28 07:12:03.190250
7021|0|200|200.0|2024-05-28 07:12:07.029938
7022|0|95|95.0|2024-05-28 07:12:12.391206
7023|1|200|200.0|2024-05-28 07:12:14.771107
7024|0|200|200.0|2024-05-28 07:12:24.335929
7025|1|200|200.0|2024-05-28 07:12:27.059455
7026|1|122|122.0|2024-05-28 07:12:34.506885
7027|0|200|200.0|2024-05-28 07:12:36.431842
7028|1|200|200.0|2024-05-28 07:21:41.148981
7029|0|169|169.0|2024-05-28 07:21:41.497366
7030|1|117|117.0|2024-05-28 07:21:47.767962
7031|0|200|200.0|2024-05-28 07:21:53.113714
7032|1|156|156.0|2024-05-28 07:21:57.026948
7033|0|200|200.0|2024-05-28 07:22:05.296565
7034|1|200|200.0|2024-05-28 07:22:09.283220
7035|0|200|200.0|2024-05-28 07:22:17.285800
7036|1|134|134.0|2024-05-28 07:22:17.287233
7037|1|146|146.0|2024-05-28 07:22:26.365395
7038|0|200|200.0|2024-05-28 07:22:30.035043
7039|1|171|171.0|2024-05-28 07:32:07.001547
7040|0|134|134.0|2024-05-28 07:32:08.030634
7041|1|129|129.0|2024-05-28 07:32:14.983225
7042|0|200|200.0|2024-05-28 07:32:20.331260
7043|1|200|200.0|2024-05-28 07:32:27.037860
7044|0|200|200.0|2024-05-28 07:32:32.104971
7045|1|200|200.0|2024-05-28 07:32:38.683891
7046|0|183|183.0|2024-05-28 07:32:42.781522
7047|1|200|200.0|2024-05-28 07:32:50.510305
7048|0|200|200.0|2024-05-28 07:32:54.891700
7049|1|186|186.0|2024-05-28 07:33:01.961558
7050|0|152|152.0|2024-05-28 07:33:04.451202
7051|1|200|200.0|2024-05-28 07:42:05.239300
7052|0|200|200.0|2024-05-28 07:42:07.552754
7053|1|200|200.0|2024-05-28 07:42:17.259615
7054|0|200|200.0|2024-05-28 07:42:19.445746
7055|1|200|200.0|2024-05-28 07:42:29.050041
7056|0|200|200.0|2024-05-28 07:42:31.087187
7057|1|108|108.0|2024-05-28 07:42:35.281676
7058|0|117|117.0|2024-05-28 07:42:37.836304
7059|1|145|145.0|2024-05-28 07:42:43.649274
7060|0|130|130.0|2024-05-28 07:42:45.530310
7061|0|137|137.0|2024-05-28 07:42:54.040891
7062|1|200|200.0|2024-05-28 07:51:48.667327
7063|0|137|137.0|2024-05-28 07:51:55.352821
7064|1|150|150.0|2024-05-28 07:51:58.267622
7065|0|135|135.0|2024-05-28 07:52:03.645203
7066|1|128|128.0|2024-05-28 07:52:06.079620
7067|0|145|145.0|2024-05-28 07:52:12.149844
7068|1|200|200.0|2024-05-28 07:52:18.045222
7069|1|12|12.0|2024-05-28 07:52:18.732102
7070|0|119|119.0|2024-05-28 07:52:19.504177
7071|1|200|200.0|2024-05-28 07:52:30.889532
7072|0|187|187.0|2024-05-28 07:52:30.948692
7073|0|144|144.0|2024-05-28 07:52:39.565022
7074|1|200|200.0|2024-05-28 07:52:42.939117
7075|0|155|155.0|2024-05-28 08:02:20.743464
7076|1|145|145.0|2024-05-28 08:02:23.389052
7077|1|106|106.0|2024-05-28 08:02:30.011560
7078|0|156|156.0|2024-05-28 08:02:30.384034
7079|1|126|126.0|2024-05-28 08:02:37.445910
7080|0|148|148.0|2024-05-28 08:02:39.187294
7081|1|118|118.0|2024-05-28 08:02:44.635720
7082|0|145|145.0|2024-05-28 08:02:47.990349
7083|1|133|133.0|2024-05-28 08:02:52.533793
7084|0|122|122.0|2024-05-28 08:02:55.102846
7085|1|109|109.0|2024-05-28 08:02:58.867320
7086|0|200|200.0|2024-05-28 08:03:06.690242
7087|1|200|200.0|2024-05-28 08:03:10.425571
7088|0|200|200.0|2024-05-28 08:03:18.304451
7089|1|141|141.0|2024-05-28 08:03:18.836555
7090|0|118|118.0|2024-05-28 08:12:54.015696
7091|1|143|143.0|2024-05-28 08:12:55.939929
7092|0|119|119.0|2024-05-28 08:13:01.100944
7093|1|117|117.0|2024-05-28 08:13:03.086271
7094|0|140|140.0|2024-05-28 08:13:09.862536
7095|1|167|167.0|2024-05-28 08:13:13.167427
7096|0|132|132.0|2024-05-28 08:13:17.413658
7097|1|143|143.0|2024-05-28 08:13:21.470435
7098|1|50|50.0|2024-05-28 08:13:24.260501
7099|0|138|138.0|2024-05-28 08:13:25.437176
7100|1|112|112.0|2024-05-28 08:13:31.158333
7101|0|137|137.0|2024-05-28 08:13:33.888049
7102|0|46|46.0|2024-05-28 08:13:36.803870
7103|1|121|121.0|2024-05-28 08:13:38.470917
7104|0|134|134.0|2024-05-28 08:13:45.120570
7105|1|107|107.0|2024-05-28 08:13:45.324746
7106|0|106|106.0|2024-05-28 08:23:18.080916
7107|1|150|150.0|2024-05-28 08:23:20.694673
7108|0|131|131.0|2024-05-28 08:23:25.680952
7109|1|124|124.0|2024-05-28 08:23:28.051367
7110|1|115|115.0|2024-05-28 08:23:34.749981
7111|0|171|171.0|2024-05-28 08:23:35.683098
7112|1|126|126.0|2024-05-28 08:23:41.785119
7113|0|161|161.0|2024-05-28 08:23:44.853044
7114|1|143|143.0|2024-05-28 08:23:50.086799
7115|0|200|200.0|2024-05-28 08:23:56.496351
7116|1|135|135.0|2024-05-28 08:23:58.157195
7117|1|125|125.0|2024-05-28 08:24:05.684986
7118|0|200|200.0|2024-05-28 08:24:08.469174
7119|1|117|117.0|2024-05-28 08:33:09.975412
7120|0|199|199.0|2024-05-28 08:33:18.208919
7121|0|34|34.0|2024-05-28 08:33:20.378243
7122|1|200|200.0|2024-05-28 08:33:22.756104
7123|0|159|159.0|2024-05-28 08:33:30.284110
7124|1|152|152.0|2024-05-28 08:33:32.111891
7125|0|146|146.0|2024-05-28 08:33:39.634285
7126|1|128|128.0|2024-05-28 08:33:40.297446
7127|0|121|121.0|2024-05-28 08:33:46.932999
7128|1|116|116.0|2024-05-28 08:33:47.278145
7129|0|133|133.0|2024-05-28 08:33:54.937739
7130|1|150|150.0|2024-05-28 08:33:56.384008
7131|1|138|138.0|2024-05-28 08:34:04.805054
7132|0|165|165.0|2024-05-28 08:34:05.077251
7133|0|109|109.0|2024-05-28 08:43:07.785209
7134|1|144|144.0|2024-05-28 08:43:09.688475
7135|1|160|160.0|2024-05-28 08:43:19.743554
7136|0|200|200.0|2024-05-28 08:43:20.312234
7137|0|150|150.0|2024-05-28 08:43:29.581857
7138|1|182|182.0|2024-05-28 08:43:31.013963
7139|0|146|146.0|2024-05-28 08:43:38.726895
7140|1|155|155.0|2024-05-28 08:43:40.827525
7141|1|140|140.0|2024-05-28 08:43:49.169354
7142|0|200|200.0|2024-05-28 08:43:50.878628
7143|1|130|130.0|2024-05-28 08:43:57.202755
7144|0|134|134.0|2024-05-28 08:43:59.191789
7145|1|119|119.0|2024-05-28 08:44:04.688337
7146|0|122|122.0|2024-05-28 08:44:06.569304
7147|1|200|200.0|2024-05-28 08:53:08.807542
7148|0|200|200.0|2024-05-28 08:53:10.971969
7149|1|178|178.0|2024-05-28 08:53:19.382357
7150|0|200|200.0|2024-05-28 08:53:22.993716
7151|1|200|200.0|2024-05-28 08:53:31.835017
7152|0|167|167.0|2024-05-28 08:53:33.249488
7153|1|160|160.0|2024-05-28 08:53:41.139526
7154|0|185|185.0|2024-05-28 08:53:43.892225
7155|1|200|200.0|2024-05-28 08:53:52.820011
7156|0|200|200.0|2024-05-28 08:53:55.552725
